0.001072267 0.03573418 0.09247547
0.001149757 0 0.08750917
0.001232847 0.05168628 0.07422447
0.001321941 0.02123903 0.07370674
0.001417474 -0.0381549 0.0970211
0.001519911 0.001477761 0.07749496
0.001629751 0.01505403 0.05848403
0.001747528 0.0437628 0.09417512
0.001873817 0.07600446 0.06246452
0.002009233 -0.017408 0.06361113
0.002154435 0.123174 0.05582075
0.00231013 0.08019823 0.07277717
0.002477076 0.1986984 0.07753543
0.002656088 0.4781483 0.1112257
0.002848036 0.864096 0.1362834
0.003053856 2.060439 0.1927936
0.003274549 3.896438 0.270091
0.003511192 5.829565 0.2720944
0.003764936 8.285057 0.2929789
0.004037017 9.333484 0.2726001
0.004328761 8.959427 0.2463
0.004641589 9.585298 0.2222494
0.004977024 9.620287 0.1825902
0.005336699 9.3756 0.1652722
0.005722368 9.527553 0.1452236
0.006135907 9.404897 0.1256525
0.006579332 9.544593 0.1123226
0.007054802 9.309368 0.09894195
0.007564633 9.139912 0.09159435
0.008111308 9.06308 0.07901498
0.00869749 8.990675 0.07427351
0.009326033 8.994081 0.0673713
0.01 8.717178 0.06249464
0.01072267 8.673896 0.05666554
0.01149757 8.55561 0.05350427
0.01232847 8.237153 0.04800678
0.01321941 8.13132 0.0446479
0.01417474 7.921649 0.04054604
0.01519911 7.555514 0.03726364
0.01629751 7.205037 0.03416996
0.01747528 6.794771 0.03084144
0.01873817 6.354767 0.0277473
0.02009233 5.856457 0.024848
0.02154435 5.337809 0.02210449
0.0231013 4.709053 0.01947664
0.02477076 4.137038 0.01716879
0.02656088 3.568418 0.01490386
0.02848036 2.982716 0.01285015
0.03053856 2.465763 0.01093097
0.03274549 1.984422 0.009266004
0.03511192 1.555589 0.007796275
0.03764936 1.194897 0.006500867
0.04037017 0.9014971 0.005512822
0.04328761 0.6804701 0.004902636
0.04641589 0.5099084 0.004716325
0.04977024 0.3718582 0.005068004
0.05336699 0.2849242 0.005636319
0.05722368 0.2034625 0.006790953
0.03511192 1.50356581171382 0.006780208
0.03764936 1.19916243143556 0.005882288
0.04037017 0.951144358649961 0.005166092
0.04328761 0.71808850103704 0.004109432
0.04641589 0.552508794840159 0.003710738
0.04977024 0.410394689446842 0.002918157
0.05336699 0.297559042206612 0.00240304
0.05722368 0.235373816886837 0.002277343
0.06135907 0.176555544537413 0.001877527
0.06579332 0.142140876819002 0.001660754
0.07054802 0.106024940772095 0.001433203
0.07564633 0.0793506061239794 0.001327809
0.08111308 0.0555430226668064 0.001110425
0.0869749 0.0384668687934585 0.001043019
0.09326033 0.0290330087985947 0.0009354878
0.1 0.021459919055507 0.0008425854
0.1072267 0.0201138740815731 0.0007803884
0.1149757 0.0173738744364895 0.0007329989
0.1232847 0.0169838593832979 0.0006665916
0.1321941 0.0171757547316578 0.0006275874
0.1417474 0.015152080354587 0.0005740589
0.1519911 0.0121386217508891 0.0005326776
0.1629751 0.0109554106272577 0.0004917242
0.1747528 0.0095268761979311 0.0004596497
0.1873817 0.00886817642370579 0.0004218766
0.2009233 0.00772500977551919 0.0003890783
0.2154435 0.0067312789945556 0.0003624459
0.231013 0.00559828325717725 0.0003380463
0.2477076 0.00601949259867248 0.0003123602
0.2656088 0.00508114408911922 0.000291124
0.2848036 0.00437870426722847 0.0002707741
0.3053856 0.00462419489433416 0.0002508423
0.3274549 0.00325632897751468 0.0002314037
0.3511192 0.00369431954101029 0.0002161668
0.3764936 0.00373776621846926 0.0001997113
0.4037017 0.00367677644885394 0.0001916042
0.4328761 0.00284184818767501 0.0001935003
0.4641589 0.00314510932045737 0.0002208536
0.4977024 0.00289582272828472 0.0002694354
0.5336699 0.00275798446576377 0.0003533763
