0.003715352 30.48807 1.503775 0.001299814
0.003732502 24.42574 2.112928 0.001299955
0.00374973 24.35249 0.7872325 0.001311012
0.003767038 27.49238 1.231512 0.001300221
0.003784426 27.60826 1.218386 0.001304909
0.003801894 31.1014 1.455611 0.001307387
0.003837072 30.06827 1.811536 0.001314489
0.003854784 24.2844 2.177658 0.00130075
0.003872576 27.56392 1.021972 0.001310207
0.003890451 26.37342 0.9465571 0.00131491
0.003908409 24.12449 1.099836 0.001310469
0.003926449 21.65284 1.113918 0.001310641
0.003944573 22.49826 1.330233 0.001308513
0.00396278 23.90788 1.15558 0.001306425
0.003981072 24.4632 0.6566695 0.001315748
0.003999447 19.37829 1.561299 0.001315893
0.004017908 17.54015 1.537096 0.001316064
0.004036454 19.94225 0.867099 0.001305273
0.004055085 21.81009 0.9544634 0.001306128
0.004073803 22.70526 0.937101 0.001313143
0.004092607 20.38188 0.9115451 0.001309864
0.004111497 29.39112 1.93423 0.001303272
0.004130475 24.34143 1.928315 0.001303374
0.00414954 20.61959 1.096035 0.001312716
0.004168694 20.43376 1.601589 0.001317418
0.004187936 25.95941 1.759628 0.001317602
0.004207266 19.27317 0.9310372 0.001317726
0.004226686 15.01874 1.042721 0.001308898
0.004246196 22.49699 0.9207346 0.001318113
0.004265795 17.41178 1.621893 0.001318304
0.004285485 13.26554 1.806836 0.001304919
0.004305266 16.07325 0.9368198 0.001309601
0.004325138 15.94629 1.17432 0.001312083
0.004345102 17.88197 0.6896112 0.001310037
0.004365158 16.32874 0.6068721 0.001310762
0.004385307 18.12491 0.7624309 0.00130855
0.004405549 17.04916 0.6911277 0.001310587
0.004425884 19.77335 1.219973 0.001313054
0.004446313 17.23743 1.029173 0.001306393
0.004466836 15.19313 1.84072 0.001306707
0.004487454 15.68791 0.965497 0.001311372
0.004508167 13.70008 0.6988118 0.001317937
0.004528976 15.42718 0.8632073 0.001316285
0.004549881 18.09824 1.057008 0.001321004
0.004570882 12.45656 1.245138 0.001307657
0.00459198 14.11015 0.7905392 0.001311279
0.004613176 13.13935 0.9452931 0.00131264
0.004634469 13.48084 0.7446507 0.001311833
0.004655861 12.81593 1.123127 0.0013086
0.004677351 11.90178 1.11185 0.001315644
0.004698941 12.66981 0.6557424 0.00131438
0.00472063 13.51747 0.5183646 0.001317008
0.00474242 12.5541 0.7747742 0.001318526
0.00476431 12.91352 0.8628711 0.00131421
0.004786301 15.43615 0.6543499 0.001318128
0.004830588 12.59638 0.7855335 0.001313808
0.004852885 12.33222 0.5421311 0.001322007
0.004875285 11.93197 0.6323737 0.001321193
0.004897788 12.74853 0.6345936 0.001321277
0.004920395 11.24652 0.9066161 0.001324979
0.004943107 10.648 0.4956572 0.001319383
0.004965923 11.90157 0.5023372 0.001320969
0.004988845 10.63152 0.8246097 0.001316575
0.005011872 10.27975 0.5734136 0.001317813
0.005035006 10.06726 0.7506481 0.001321764
0.005058247 10.05747 0.5807351 0.001318351
0.005081594 11.1124 0.4530113 0.001322802
0.00510505 8.993834 1.496842 0.001313488
0.005128614 9.796082 0.5167159 0.0013227
0.005152286 11.80741 0.7267895 0.001323045
0.005176068 8.659059 0.698745 0.001323177
0.00519996 10.03679 0.578495 0.001321276
0.005248075 10.25438 0.4664397 0.001324106
0.005272299 9.445573 0.611892 0.001319915
0.005296634 8.422176 0.4695526 0.001322526
0.005321083 8.531849 0.5742898 0.001315981
0.005345644 8.878469 0.5599611 0.001319003
0.005370318 9.235071 0.3688133 0.001323314
0.005395106 8.492703 0.4080709 0.001323615
0.005420009 9.074226 0.4629288 0.001323878
0.005445027 8.336353 0.5238778 0.001322935
0.00547016 8.28039 0.5965439 0.001321048
0.005495409 7.55581 0.6138089 0.001321371
0.005520774 8.032416 0.8460299 0.001318396
0.005546257 8.454756 0.724247 0.001325467
0.005571857 7.521259 0.4954161 0.001329055
0.005597576 8.003985 0.452658 0.00132375
0.005623413 7.224325 0.4398322 0.001324172
0.00564937 7.396976 0.3740837 0.00132763
0.005675446 7.095439 0.4087003 0.001324119
0.005701643 6.742643 0.5582184 0.001333983
0.00572796 7.502996 0.5252229 0.001327633
0.005754399 6.505915 0.3975453 0.001325084
0.00578096 6.969368 0.5522633 0.001330592
0.005807644 7.222687 0.4598601 0.001332105
0.005834451 6.322994 0.3150902 0.001332727
0.005861382 7.016279 0.3693914 0.001328397
0.005888437 6.237757 0.4043466 0.00133114
0.005915616 6.199807 0.2882073 0.001330726
0.005942922 5.906964 0.3776271 0.001332638
0.005970353 6.223425 0.4681917 0.001330714
0.005997911 6.367066 0.3196577 0.00133781
0.006025596 5.837061 0.5016888 0.001328169
0.006053409 6.980564 0.3028284 0.001331918
0.00608135 5.660431 0.4429485 0.001332314
0.00610942 6.690668 0.3805858 0.001331206
0.00613762 6.322291 0.6170178 0.001339702
0.00616595 5.43402 0.322847 0.001333341
0.006194411 4.809266 0.3148624 0.001336629
0.006223003 5.584032 0.4487389 0.001334081
0.006251727 5.454135 0.3526992 0.001332343
0.006280584 5.204886 0.2804114 0.001333643
0.006309573 4.842755 0.2851773 0.001334757
0.006338697 5.081973 0.3335819 0.001333504
0.006367955 4.463716 0.3467206 0.00133399
0.006397348 5.006263 0.3525743 0.001334286
0.006426877 4.995078 0.3467171 0.001334755
0.006456542 4.960493 0.2588942 0.001334675
0.006486344 4.98829 0.26148 0.00134114
0.006516284 5.015252 0.377906 0.001337003
0.006546362 4.595009 0.3743551 0.001337218
0.006576578 5.001378 0.3404101 0.001334577
0.006606934 4.699288 0.2831508 0.00134056
0.006637431 4.426501 0.2240755 0.001338878
0.006668068 4.61995 0.3370132 0.001341694
0.006698846 4.166873 0.3829938 0.001337518
0.006729767 2.979128 0.5498486 0.001334675
0.00676083 4.150436 0.1879773 0.001345426
0.006792036 4.292985 0.2194989 0.001343649
0.006823387 4.337161 0.2057591 0.001344534
0.006854882 4.124307 0.3165585 0.001349815
0.006886523 4.408022 0.2048752 0.001343625
0.00691831 3.659866 0.3024624 0.001339372
0.006950243 4.343307 0.1920914 0.001345205
0.006982324 4.140033 0.2962061 0.001347261
0.007014553 4.107466 0.253883 0.001352259
0.007046931 4.045849 0.2797677 0.001348237
0.007079458 4.121756 0.2303945 0.001346474
0.007112135 3.767783 0.2020392 0.001347105
0.007144963 3.836287 0.229828 0.001347564
0.007177943 3.130706 0.3288748 0.001348133
0.007211075 3.701311 0.2627328 0.001350788
0.00724436 3.511139 0.2018479 0.001346083
0.007277798 3.32397 0.163483 0.001347165
0.007311391 3.686194 0.1918362 0.001349568
0.007345139 3.646034 0.2345074 0.001348
0.007379042 3.54958 0.1919349 0.001354884
0.007413102 3.328184 0.1880996 0.001348808
0.00744732 3.675225 0.1928218 0.001353004
0.007481695 3.415018 0.2312962 0.001350759
0.007516229 3.150062 0.19862 0.001349735
0.007550922 3.213493 0.218935 0.001356202
0.007585776 3.275002 0.1742746 0.001353284
0.00762079 3.321301 0.1852107 0.001352162
0.007655966 3.456431 0.1520457 0.00135795
0.007691304 3.102536 0.1867536 0.001357006
0.007726806 2.99948 0.21126 0.001359798
0.007762471 3.282122 0.1626701 0.001358816
0.007798301 3.244599 0.1549093 0.001361362
0.007834296 2.760926 0.169736 0.0013581
0.007870458 3.102554 0.1475885 0.001357778
0.007906786 2.994084 0.1630592 0.001361999
0.007943282 2.918808 0.1605913 0.001363138
0.007979947 3.091541 0.1429979 0.001361607
0.008016781 2.954572 0.1548616 0.001363562
0.008053784 2.455422 0.1954123 0.001361496
0.008090959 2.595029 0.185498 0.001364663
0.008128305 2.866449 0.152192 0.001364341
0.008165824 2.612332 0.1507833 0.001364421
0.008203515 2.878368 0.1632989 0.00136349
0.008241381 2.570091 0.1362502 0.001363887
0.008279422 2.709311 0.1052893 0.001365849
0.008317638 2.341081 0.1621137 0.001363216
0.00835603 2.50377 0.1482249 0.001367247
0.0083946 2.474915 0.1469395 0.00136743
0.008433348 2.274816 0.1620274 0.001370833
0.008472274 2.50313 0.1310377 0.001368047
0.00851138 2.392369 0.2017516 0.001370575
0.008550667 2.527506 0.133883 0.001370117
0.008590135 2.458634 0.1900829 0.001370951
0.008629785 2.547437 0.1092747 0.001375707
0.008669619 2.529576 0.14009 0.00136923
0.008709636 2.527837 0.107074 0.001374532
0.008749838 2.412198 0.1058566 0.001376463
0.008790225 2.338309 0.1219119 0.001377504
0.008830799 2.418813 0.1164209 0.001379683
0.00887156 2.404197 0.1382576 0.001377837
0.008912509 2.34092 0.1233428 0.00137736
0.008953648 2.04411 0.113556 0.001381743
0.008994976 2.034214 0.1234504 0.001379556
0.009036495 2.169222 0.1240076 0.001376633
0.009078205 2.115735 0.1033067 0.001381484
0.009120108 2.228579 0.1653914 0.001385884
0.009162205 2.23683 0.1012662 0.001386196
0.009204496 2.153149 0.1048131 0.001380071
0.009246982 2.157689 0.1020364 0.001383583
0.009289664 2.165109 0.1068759 0.001382762
0.009332543 2.17508 0.08745188 0.001385413
0.00937562 2.091691 0.09793035 0.001384931
0.009418896 2.18184 0.1239435 0.001386027
0.009462372 2.047999 0.1210797 0.001392146
0.009506048 2.130265 0.1082343 0.001387722
0.009549926 2.020702 0.1058338 0.001390358
0.009594006 2.055739 0.1070757 0.001391133
0.00963829 1.796663 0.1024908 0.001391284
0.009682779 2.095938 0.08428723 0.001395524
0.009727472 1.906261 0.08834588 0.001394724
0.009772372 1.862882 0.08063938 0.001395774
0.009817479 2.075019 0.1250038 0.001397325
0.009862795 1.91388 0.1014053 0.001397103
0.009908319 1.896519 0.09303457 0.001399538
0.009954054 1.895992 0.1043722 0.001399674
0.01 1.785702 0.08491741 0.001400596
0.01004616 1.882482 0.09921642 0.001398494
0.01009253 1.882288 0.08896392 0.001402376
0.01013911 1.649516 0.1021733 0.001401025
0.01018591 1.801288 0.09227255 0.001400545
0.01023293 1.773732 0.07506161 0.001404944
0.01028016 1.810532 0.09398367 0.001405895
0.01032761 1.756925 0.09067192 0.001406096
0.01037528 1.744271 0.08484411 0.001404092
0.01042317 1.701281 0.09321684 0.001409445
0.01047129 1.677286 0.08559821 0.001409222
0.01051962 1.817221 0.09811229 0.001407725
0.01056818 1.684167 0.09819912 0.001414467
0.01061696 1.651525 0.0829284 0.001412709
0.01066596 1.656804 0.07316851 0.001415735
0.01071519 1.697491 0.06725436 0.001416541
0.01076465 1.63865 0.07917333 0.001415714
0.01081434 1.522585 0.09594686 0.001415876
0.01086426 1.618532 0.07528206 0.001418732
0.0109144 1.602047 0.07176171 0.001421908
0.01096478 1.601993 0.07595266 0.001422388
0.01101539 1.61374 0.0915238 0.00142108
0.01106624 1.594057 0.08189998 0.001422246
0.01111732 1.438299 0.07963053 0.001422143
0.01116863 1.500858 0.07113511 0.00142267
0.01122018 1.512469 0.06963665 0.001425739
0.01127197 1.597144 0.07458197 0.001427765
0.011324 1.541259 0.0677057 0.001428991
0.01137627 1.366785 0.08509364 0.001429537
0.01142878 1.48881 0.08715321 0.001428706
0.01148154 1.501182 0.06861903 0.001431679
0.01153453 1.452066 0.08063754 0.001432033
0.01158777 1.567195 0.07031766 0.001434049
0.01164126 1.463335 0.05710315 0.001440059
0.01169499 1.330585 0.06116189 0.00143799
0.01174898 1.454047 0.0750851 0.001441151
0.01180321 1.378407 0.06514374 0.001439427
0.01185769 1.294921 0.07572552 0.001440481
0.01191242 1.441566 0.0690048 0.00144223
0.01196741 1.299642 0.07682384 0.001445279
0.01202264 1.412283 0.06587764 0.001449087
0.01207814 1.409605 0.06134682 0.001445334
0.01213389 1.361525 0.06911589 0.001444737
0.0121899 1.357763 0.06559313 0.001447358
0.01224616 1.358396 0.06147035 0.001449333
0.01230269 1.441251 0.06816032 0.001452943
0.01235947 1.329041 0.06258427 0.00145418
0.01241652 1.398596 0.06328126 0.001455586
0.01247384 1.229798 0.07786722 0.001453216
0.01253141 1.395993 0.07131093 0.001456624
0.01258925 1.372884 0.05220917 0.001459916
0.01264736 1.282324 0.06018241 0.001462817
0.01270574 1.347145 0.05329373 0.001465011
0.01276439 1.336524 0.06841653 0.001464125
0.01282331 1.186687 0.06155243 0.001465355
0.0128825 1.392962 0.06365257 0.001464649
0.01294196 1.230775 0.06418497 0.001468783
0.0130017 1.244336 0.05996475 0.001473366
0.01306171 1.249755 0.05690213 0.001469412
0.013122 1.251697 0.05296048 0.001471794
0.01318257 1.404384 0.06288457 0.001473521
0.01324342 1.255258 0.06871766 0.001473418
0.01330454 1.291207 0.05598691 0.001478461
0.01336596 1.242175 0.05633058 0.001478194
0.01342765 1.31759 0.05539391 0.001481106
0.01348963 1.247995 0.06371134 0.001481776
0.01355189 1.244317 0.05375679 0.00148495
0.01361445 1.253787 0.05465515 0.001486649
0.01367729 1.195398 0.04826261 0.001489423
0.01374042 1.268544 0.05471603 0.00148971
0.01380384 1.300138 0.05664631 0.001491373
0.01386756 1.19672 0.05944167 0.001492869
0.01393157 1.313085 0.0616968 0.001494135
0.01399587 1.177562 0.05181772 0.001496581
0.01406048 1.201666 0.04447781 0.001497282
0.01412538 1.199033 0.06112993 0.001497777
0.01419058 1.105476 0.06102692 0.001501445
0.01425608 1.261764 0.05324195 0.001502054
0.01432188 1.257391 0.05107513 0.00150519
0.01438799 1.166137 0.05890813 0.001506882
0.0144544 1.192738 0.0570001 0.001507503
0.01452112 1.196949 0.04292232 0.001512568
0.01458814 1.130001 0.05039142 0.00151286
0.01465548 1.203066 0.05323607 0.001515123
0.01472313 1.227939 0.04607439 0.001516662
0.01479108 1.10959 0.05326377 0.001518951
0.01485936 1.211626 0.05642167 0.001520606
0.01492794 1.096392 0.0477597 0.001523278
0.01499685 1.098005 0.04631749 0.001522724
0.01506607 1.166577 0.04991316 0.001524301
0.01513561 1.185125 0.04780749 0.001528224
0.01520548 1.155965 0.04823174 0.001530038
0.01527566 1.192329 0.05000055 0.001532175
0.01534617 1.136754 0.05067744 0.001533205
0.015417 1.176091 0.05196378 0.001536429
0.01548817 1.117296 0.04307713 0.001538825
0.01555966 1.077296 0.04338887 0.001542454
0.01563148 1.094217 0.04354147 0.001543977
0.01570363 1.098752 0.04632376 0.001544613
0.01577611 1.133027 0.05346171 0.001546408
0.01584893 1.135581 0.04575382 0.001550286
0.01592209 1.068167 0.04105555 0.001552545
0.01599558 1.062586 0.04685998 0.001551355
0.01606941 1.10423 0.04747379 0.001554126
0.01614359 1.031692 0.04455162 0.00155854
0.0162181 1.047195 0.04608105 0.001559305
0.01629296 1.068438 0.04551685 0.001562812
0.01636817 1.043808 0.05366975 0.001564924
0.01644372 1.057699 0.04144459 0.001566981
0.01651962 1.02169 0.03872562 0.001570331
0.01659587 1.0416 0.04310401 0.001572491
0.01667247 1.019294 0.04157531 0.001576011
0.01674943 1.015255 0.04396238 0.001575338
0.01682674 1.055141 0.04823316 0.001579799
0.01690441 1.078655 0.0400499 0.001581473
0.01698244 1.070318 0.04232588 0.001582724
0.01706082 0.9949217 0.04320658 0.001584329
0.01713957 1.057039 0.04164482 0.001589322
0.01721869 1.075475 0.04670688 0.001590858
0.01729816 1.05653 0.04271747 0.001593444
0.01737801 0.9437741 0.04545412 0.00159524
0.01745822 1.083557 0.0347239 0.001599959
0.01753881 1.03171 0.04121615 0.001602647
0.01761976 0.9620556 0.04323429 0.001603132
0.01770109 1.00662 0.03849606 0.001607945
0.01778279 1.006566 0.04317736 0.001609164
0.01786488 0.9695255 0.03871969 0.001612055
0.01794734 1.01475 0.03928797 0.001613072
0.01803018 1.047769 0.04032219 0.001616396
0.0181134 1.005499 0.03621471 0.001619885
0.01819701 0.9917604 0.04626163 0.001622337
0.018281 0.998349 0.03954954 0.001625427
0.01836538 1.001073 0.04221302 0.001627982
0.01845015 0.9746674 0.03272851 0.001631728
0.01853532 1.007699 0.03736056 0.001635486
0.01862087 0.9730268 0.04104409 0.00163647
0.01870682 1.019653 0.03883699 0.001639593
0.01879317 0.9459502 0.03713459 0.001642584
0.01887991 0.9482036 0.03517886 0.001644498
0.01896706 0.9467323 0.03854436 0.001647273
0.01905461 0.9224923 0.03568373 0.001650571
0.01914256 0.9222601 0.03791059 0.001654177
0.01923092 0.9638849 0.03694979 0.001657159
0.01931968 0.908386 0.04049478 0.001659846
0.01940886 0.9041459 0.03199908 0.00166363
0.01949845 0.9611636 0.03439054 0.001667408
0.01958845 0.9526391 0.03731851 0.001669896
0.01967886 0.9738789 0.03473189 0.001672594
0.0197697 0.935407 0.03708976 0.001675074
0.01986095 0.919679 0.03563556 0.001678261
0.01995262 0.9633211 0.03404263 0.001680847
0.02004472 0.863298 0.03592434 0.001684858
0.02013724 0.9316655 0.0368509 0.001687292
0.02023019 0.9103542 0.03497856 0.001691821
0.02032357 0.9721342 0.03353989 0.001695667
0.02041738 0.9046164 0.03212158 0.001698635
0.02051162 0.9379876 0.03426894 0.001701273
0.0206063 0.9068496 0.03376123 0.001705839
0.02070141 0.9134485 0.03356094 0.001708324
0.02079697 0.9169908 0.03477172 0.001710345
0.02089296 0.922991 0.03224491 0.001714417
0.0209894 0.8782248 0.03479657 0.001718673
0.02108628 0.8866437 0.03253029 0.001720837
0.02118361 0.8638923 0.03617665 0.001724256
0.02128139 0.9341818 0.03277776 0.001730102
0.02137962 0.878672 0.02939777 0.001732456
0.0214783 0.9055409 0.03155042 0.001736185
0.02157744 0.8109146 0.03525015 0.001739361
0.02167704 0.8442235 0.03174877 0.001743401
0.0217771 0.8406767 0.02922411 0.001746223
0.02187762 0.8871707 0.03309777 0.001749055
0.0219786 0.8148403 0.03284866 0.001753857
0.02208005 0.8779285 0.0292566 0.001757846
0.02218196 0.8977874 0.03435929 0.001760632
0.02228435 0.8743681 0.03034542 0.00176591
0.02238721 0.8579793 0.02846939 0.00177008
0.02249055 0.8437409 0.02937219 0.001772722
0.02259436 0.8308741 0.03180879 0.001776787
0.02269865 0.8541901 0.03040809 0.001780943
0.02280342 0.8073125 0.02850507 0.00178396
0.02290868 0.8056543 0.03129809 0.001787436
0.02301442 0.8169271 0.03195249 0.001791949
0.02312065 0.8548654 0.03009185 0.001796042
0.02322737 0.79592 0.02712314 0.001800623
0.02333458 0.8293045 0.02998911 0.001805431
0.02344229 0.8172308 0.02873117 0.001808574
0.02355049 0.7565079 0.02844417 0.001812451
0.0236592 0.8227454 0.02904027 0.001816691
0.0237684 0.7991229 0.02757192 0.001820122
0.02387811 0.7941157 0.02960401 0.001824423
0.02398833 0.7849542 0.02766089 0.001829275
0.02409905 0.7889874 0.03217034 0.00183239
0.02421029 0.7854755 0.02548393 0.001838754
0.02432204 0.7695344 0.02758023 0.001842214
0.02443431 0.8040208 0.02792868 0.001846143
0.02454709 0.7734567 0.02893951 0.001850911
0.02466039 0.8032754 0.02628321 0.001855138
0.02477422 0.7670785 0.02678315 0.001858376
0.02488857 0.8010999 0.0290167 0.001863934
0.02500345 0.7699267 0.02572594 0.001868455
0.02511886 0.7395336 0.0294888 0.001872675
0.02523481 0.7674965 0.02449273 0.001878092
0.02535129 0.7970868 0.02497743 0.001882695
0.0254683 0.7621738 0.02935532 0.001887005
0.02558586 0.7157582 0.02690357 0.00189107
0.02570396 0.7416535 0.024554 0.001895541
0.0258226 0.7448246 0.02748722 0.001900043
0.02594179 0.7435803 0.02770431 0.001905009
0.02606154 0.7789518 0.02527297 0.001910511
0.02618183 0.7491596 0.02498905 0.001915009
0.02630268 0.7291648 0.02450076 0.001920189
0.02642409 0.74842 0.02503021 0.001925139
0.02654606 0.7189925 0.02685912 0.001929267
0.02666859 0.7315676 0.02411388 0.001933852
0.02679168 0.7257415 0.02623885 0.00193888
0.02691535 0.7362308 0.02475921 0.001943718
0.02703958 0.7448633 0.02634532 0.001949576
0.02716439 0.6951422 0.02208154 0.00195478
0.02728978 0.7366474 0.02398434 0.001959647
0.02741574 0.7000005 0.02512325 0.001965486
0.02754229 0.7037709 0.02381133 0.001969864
0.02766942 0.707894 0.02446267 0.001973887
0.02779713 0.6911507 0.023128 0.001979933
0.02792544 0.7171276 0.02515575 0.00198502
0.02805434 0.6995727 0.02307141 0.001991428
0.02818383 0.6827036 0.02192006 0.001996698
0.02831392 0.7045238 0.02339476 0.002001606
0.02844461 0.6849668 0.02427758 0.002007401
0.02857591 0.7133108 0.02268087 0.002011389
0.02870781 0.6945894 0.02306709 0.002017412
0.02884032 0.7029812 0.02282906 0.002022996
0.02897344 0.6672466 0.02495446 0.002028707
0.02910717 0.6776931 0.02024334 0.002035092
0.02924152 0.6687683 0.02449348 0.002039771
0.0293765 0.702504 0.02095405 0.002046333
0.02951209 0.6726499 0.02270253 0.002051107
0.02964831 0.6790039 0.02234273 0.002056797
0.02978516 0.6837463 0.02257783 0.002062386
0.02992265 0.6744246 0.02374321 0.002068253
0.03006076 0.6858822 0.01920188 0.002075158
0.03019952 0.6525465 0.02314499 0.002080287
0.03033891 0.6695232 0.02100592 0.002086457
0.03047895 0.6806837 0.02143287 0.002091809
0.03061963 0.6578389 0.02171727 0.002097703
0.03076097 0.6444392 0.02099556 0.002104283
0.03090295 0.6410688 0.02290276 0.002109532
0.0310456 0.6586107 0.01918307 0.002116782
0.0311889 0.6523441 0.02018627 0.002122569
0.03133286 0.6241919 0.02116723 0.002128764
0.03147748 0.6497277 0.02033216 0.002134447
0.03162278 0.6252852 0.0206661 0.002140555
0.03176874 0.633991 0.02041281 0.002147559
0.03191538 0.6368372 0.02045381 0.002153898
0.03206269 0.643026 0.0190332 0.00216062
0.03221069 0.639551 0.0208928 0.002166522
0.03235937 0.6234308 0.0199145 0.002173136
0.03250873 0.634058 0.01974001 0.002178751
0.03265878 0.6387832 0.02007255 0.002185605
0.03280953 0.6328632 0.02062392 0.002192497
0.03296097 0.6298723 0.01821373 0.002199479
0.03311311 0.6074824 0.01878601 0.002206579
0.03326596 0.6017567 0.02013298 0.00221288
0.0334195 0.6043592 0.01861009 0.002218828
0.03357376 0.603858 0.0203705 0.002225847
0.03372873 0.5881265 0.01979201 0.002232312
0.03388442 0.6161629 0.01857267 0.002240228
0.03404082 0.5803047 0.01853893 0.002246366
0.03419794 0.5651209 0.01803233 0.002254335
0.03435579 0.5785764 0.01883921 0.002260133
0.03451437 0.6055105 0.01887674 0.002267691
0.03467369 0.5889889 0.01930045 0.002274033
0.03483373 0.6004052 0.01763934 0.002282533
0.03499452 0.5867678 0.01787344 0.002289175
0.03515604 0.601351 0.01827392 0.002296654
0.03531832 0.5856733 0.01785892 0.00230327
0.03548134 0.5676378 0.01868204 0.002310302
0.03564511 0.5730427 0.01755414 0.002318049
0.03580964 0.5720165 0.01794011 0.002325725
0.03597493 0.5672047 0.01658403 0.002333411
0.03614099 0.570176 0.01894609 0.002340349
0.03630781 0.5774481 0.01665858 0.002347869
0.03647539 0.5571834 0.01797731 0.002355191
0.03664376 0.5741243 0.01775054 0.002363251
0.0368129 0.5573413 0.01680604 0.002371093
0.03698282 0.578581 0.01702611 0.002378569
0.03715352 0.5561857 0.01728222 0.002386302
0.03732502 0.5442769 0.01646259 0.002393745
0.0374973 0.5535059 0.01781534 0.002401719
0.03767038 0.5544985 0.01696778 0.002409771
0.03784426 0.5665098 0.01639296 0.002418044
0.03801894 0.5442654 0.01627993 0.002425679
0.03819443 0.5509012 0.01694744 0.002433677
0.03837072 0.5188956 0.01637629 0.002441349
0.03854784 0.5437753 0.01681082 0.00244988
0.03872576 0.537169 0.01581041 0.002458497
0.03890451 0.5566848 0.01610227 0.002466532
0.03908409 0.5455194 0.01666137 0.002474616
0.03926449 0.537419 0.01590867 0.002482334
0.03944573 0.5545622 0.01647203 0.002491141
0.0396278 0.5406529 0.01613719 0.002499751
0.03981072 0.5383239 0.01547051 0.002508375
0.03999447 0.5326537 0.01614508 0.002516847
0.04017908 0.5191584 0.01574089 0.002525057
0.04036454 0.525995 0.01640581 0.002533606
0.04055085 0.5358618 0.01630284 0.002542515
0.04073803 0.5322941 0.01541687 0.002551641
0.04092607 0.5100951 0.01570726 0.002560489
0.04111497 0.5098622 0.01606681 0.002568758
0.04130475 0.5213628 0.01594102 0.002577432
0.0414954 0.5140436 0.01654159 0.002586564
0.04168694 0.5042526 0.01510723 0.002595807
0.04187936 0.5038735 0.01611078 0.002604733
0.04207266 0.4987707 0.0160791 0.002613562
0.04226686 0.5153822 0.01614027 0.00262243
0.04246196 0.4946525 0.0165677 0.002631689
0.04265795 0.5055918 0.01532874 0.002641553
0.04285485 0.4928237 0.01620688 0.002650629
0.04305266 0.497031 0.01615175 0.002659827
0.04325138 0.4892926 0.01662852 0.002668789
0.04345102 0.4687199 0.01680661 0.002678455
0.04365158 0.5062705 0.0150785 0.002688482
0.04385307 0.4872726 0.01663184 0.002697827
0.04405549 0.4961312 0.01580386 0.00270696
0.04425884 0.4920462 0.0166043 0.002716671
0.04446313 0.4806582 0.0165648 0.002726852
0.04466836 0.4927453 0.01540185 0.002736669
0.04487454 0.487621 0.01660554 0.002746362
0.04508167 0.4903579 0.01627421 0.002755315
0.04528976 0.4781263 0.01618716 0.002765991
0.04549881 0.4927783 0.01580016 0.002776743
0.04570882 0.4778751 0.0160791 0.002786176
0.0459198 0.4857012 0.01605475 0.002796484
0.04613176 0.477659 0.01712047 0.002806391
0.04634469 0.4737246 0.01715451 0.002816557
0.04655861 0.4699158 0.01641757 0.0028268
0.04677351 0.4594207 0.01696925 0.002837177
0.04698941 0.4664731 0.01651845 0.002847522
0.0472063 0.4763253 0.01719571 0.002858083
0.0474242 0.4652698 0.01822897 0.00286857
0.0476431 0.484468 0.01792137 0.002878949
0.04786301 0.4578899 0.0176513 0.002889906
0.04808393 0.4590566 0.01842583 0.002900376
0.04830588 0.4797258 0.01847855 0.002911305
0.04852885 0.4633643 0.01912337 0.002921907
0.04875285 0.4429567 0.01876742 0.002932629
0.03311311 0.578554868526138 0.03780367 0.004949267
0.03326596 0.62506330383624 0.03445211 0.005011407
0.0334195 0.621621576061679 0.0595624 0.005014629
0.03357376 0.587307407695556 0.06240718 0.004918917
0.03372873 0.605310169684074 0.05718466 0.005020513
0.03388442 0.592042298937873 0.04064687 0.005024832
0.03404082 0.624209485816613 0.09190082 0.004927601
0.03419794 0.588845455939598 0.04996504 0.005131284
0.03435579 0.578897435872466 0.04363882 0.00493363
0.03451437 0.583520625287004 0.03641386 0.005017014
0.03467369 0.594758417065988 0.0381191 0.005089152
0.03483373 0.595215851878939 0.05041522 0.004943438
0.03499452 0.60099382112034 0.04564636 0.005079248
0.03515604 0.571311886851167 0.03482196 0.005069878
0.03531832 0.586168908297033 0.05623476 0.00505423
0.03548134 0.569571463838172 0.05991656 0.004957473
0.03564511 0.564162969873273 0.03012201 0.005045224
0.03580964 0.576196241470331 0.03522279 0.005082725
0.03597493 0.589930139477774 0.04031354 0.005065668
0.03614099 0.580910103826042 0.04403047 0.005102901
0.03630781 0.577864080906975 0.04072255 0.005172429
0.03647539 0.540172628128472 0.08846226 0.004976771
0.03664376 0.570975198548406 0.03282701 0.005139364
0.0368129 0.56568903391312 0.04144381 0.005034426
0.03698282 0.554702005953989 0.04542787 0.005055303
0.03715352 0.554507545282146 0.03428488 0.005109714
0.03732502 0.570972937377803 0.03031007 0.0051604
0.0374973 0.547671800432744 0.0337077 0.005118305
0.03767038 0.552600473995723 0.03660517 0.00515127
0.03784426 0.549106287063176 0.03458998 0.00512436
0.03801894 0.533188098253404 0.04010584 0.005060513
0.03819443 0.554746324897805 0.03097989 0.005146949
0.03837072 0.535394774644701 0.03515436 0.005097614
0.03854784 0.534909753550395 0.03634519 0.005169111
0.03872576 0.55451048480393 0.06075526 0.005027721
0.03890451 0.556256108509312 0.06946245 0.005227745
0.03908409 0.545598533107013 0.05519171 0.005132985
0.03926449 0.547737826614346 0.02212107 0.00515251
0.03944573 0.54013871056943 0.08380281 0.005044557
0.0396278 0.567240196946658 0.05591814 0.005145217
0.03981072 0.521861894703849 0.02966963 0.005106637
0.03999447 0.528206061064197 0.02688979 0.005152716
0.04017908 0.541160985798967 0.04577141 0.005124924
0.04036454 0.503977165820799 0.05322096 0.005161843
0.04055085 0.520404570250328 0.02348345 0.00513952
0.04073803 0.522017689358384 0.03416842 0.005149871
0.04092607 0.523572470264887 0.02691111 0.00517393
0.04111497 0.519579695214417 0.05521169 0.005177065
0.04130475 0.526732908416456 0.03652508 0.00512455
0.0414954 0.536727960832127 0.08382639 0.005092123
0.04168694 0.500365171899845 0.03842121 0.005142026
0.04187936 0.523543527281171 0.02771078 0.005237532
0.04207266 0.50081763213747 0.04645392 0.00510389
0.04226686 0.50471430743732 0.02677804 0.005204846
0.04246196 0.485321603879245 0.03902214 0.005161402
0.04265795 0.498742555875257 0.03707662 0.005214433
0.04285485 0.502118483585276 0.02644818 0.005219125
0.04305266 0.502040925433599 0.02957248 0.005319941
0.04325138 0.497089866281652 0.03061389 0.005228835
0.04345102 0.500467829045213 0.0373915 0.005233379
0.04365158 0.500637190723365 0.02802113 0.005250731
0.04385307 0.510832582854446 0.0307886 0.005243249
0.04405549 0.482598023888141 0.03537533 0.005189764
0.04425884 0.49739241090831 0.04128458 0.005283255
0.04446313 0.483243588095248 0.03085601 0.005314132
0.04466836 0.493253564236897 0.02415548 0.00529374
0.04487454 0.477464714385606 0.02462334 0.005257245
0.04508167 0.488864858213873 0.02470623 0.005319902
0.04528976 0.490421900290979 0.03126505 0.005336396
0.04549881 0.474512077812436 0.0349512 0.005330943
0.04570882 0.474101675348023 0.03330189 0.005269805
0.0459198 0.478367599807315 0.03362649 0.00527465
0.04613176 0.48386970623517 0.04522697 0.005267486
0.04634469 0.469146998323111 0.02259849 0.005278112
0.04655861 0.469995163416231 0.02570925 0.005310567
0.04677351 0.484996447546559 0.02946498 0.005346727
0.04698941 0.474021629908683 0.03222892 0.005339681
0.0472063 0.46808922271511 0.02433201 0.005316397
0.0474242 0.439501695017704 0.036989 0.005283897
0.0476431 0.462621259963356 0.02853602 0.005298007
0.04786301 0.454972398165178 0.02584211 0.005319029
0.04808393 0.473040960218238 0.02654158 0.00538898
0.04830588 0.457532721638757 0.02859451 0.005315307
0.04852885 0.463693280946156 0.02639283 0.005337035
0.04875285 0.473534347643774 0.03204394 0.005384503
0.04897788 0.453703881456992 0.02368231 0.005334747
0.04920395 0.444793512579497 0.02725298 0.005364175
0.04943107 0.434358888598637 0.03026216 0.005352503
0.04965923 0.435066408880261 0.04532135 0.005298206
0.04988845 0.456023842495492 0.0267449 0.005409947
0.05011872 0.448130774272208 0.02658003 0.005417667
0.05035006 0.4403471467061 0.02028633 0.005451185
0.05058247 0.442830590379184 0.02290474 0.005445211
0.05081594 0.449956669533989 0.03595273 0.005422036
0.0510505 0.431182396135787 0.02567656 0.005404659
0.05128614 0.435091281756892 0.02331174 0.005444619
0.05152286 0.431822533533447 0.02681931 0.005429061
0.05176068 0.427497818638483 0.01997854 0.005462473
0.0519996 0.441995992309681 0.02685681 0.005514875
0.05223962 0.425536931491712 0.02301273 0.00542399
0.05248075 0.43348879015067 0.02213955 0.005518973
0.05272299 0.424704820709872 0.0274996 0.00550434
0.05296634 0.41464442046378 0.04352187 0.005571162
0.05321083 0.41836562892485 0.01998397 0.005528682
0.05345644 0.417878120542881 0.02456423 0.00549474
0.05370318 0.412362899325529 0.02205975 0.005443669
0.05395106 0.415398973093943 0.02131871 0.005484584
0.05420009 0.420113966034955 0.0218247 0.005515495
0.05445027 0.404512114992518 0.02649034 0.005510303
0.0547016 0.414262282631902 0.02630966 0.005517675
0.05495409 0.404603014050751 0.02263014 0.005519727
0.05520774 0.407134846774735 0.02186552 0.005562474
0.05546257 0.396791800203289 0.02307674 0.005543749
0.05571857 0.400468237486424 0.02256996 0.005522816
0.05597576 0.386753785546165 0.02401959 0.005567211
0.05623413 0.396641206241141 0.02031395 0.005583234
0.0564937 0.392613609163388 0.02309738 0.0055281
0.05675446 0.392130170888504 0.02443628 0.005565727
0.05701643 0.397367042004648 0.03033706 0.005614049
0.0572796 0.394182409327628 0.02569268 0.005561358
0.05754399 0.393193147188892 0.02147502 0.005641616
0.0578096 0.396268339208735 0.01696288 0.005632833
0.05807644 0.38360510548173 0.018283 0.00567258
0.05834451 0.393954709447924 0.02340398 0.005658402
0.05861382 0.380665357580996 0.02247513 0.005634232
0.05888437 0.374253808336684 0.02002332 0.005688844
0.05915616 0.37241004982714 0.02010719 0.005653648
0.05942922 0.371377147095769 0.01952388 0.00565539
0.05970353 0.376588240867041 0.02248784 0.00572065
0.05997911 0.377463313890335 0.01884264 0.005679702
0.06025596 0.370337234735529 0.01919459 0.005733238
0.06053409 0.380749020893301 0.0244356 0.005742047
0.0608135 0.367360403636909 0.01766674 0.005711729
0.0610942 0.371905356548589 0.02008446 0.005712446
0.0613762 0.364426308662682 0.0203834 0.00568891
0.0616595 0.358097970496554 0.02064705 0.005738491
0.06194411 0.365057853612052 0.02439585 0.005702484
0.06223003 0.363041115551391 0.01635186 0.005756073
0.06251727 0.354427412256987 0.0156173 0.005745947
0.06280584 0.355892876924678 0.02188513 0.005763259
0.06309573 0.363015338206519 0.01910162 0.005783115
0.06338697 0.349585341528096 0.02131873 0.005758254
0.06367955 0.346950173307563 0.01870315 0.00582584
0.06397348 0.342340777033702 0.02445579 0.005745444
0.06426877 0.348073296745986 0.01745926 0.005862155
0.06456542 0.340771976869462 0.02207721 0.005761253
0.06486344 0.350066744749437 0.01537893 0.005855167
0.06516284 0.343512515640087 0.0166045 0.005854222
0.06546362 0.338133869127145 0.01705909 0.005870549
0.06576578 0.337966090268415 0.019891 0.005916063
0.06606934 0.334508534299634 0.0182297 0.005879103
0.06637431 0.340529353263778 0.01696035 0.005920019
0.06668068 0.32733519667923 0.01611073 0.005915896
0.06698846 0.330546285052303 0.01892365 0.005894317
0.06729767 0.334267945747494 0.01851025 0.005917193
0.0676083 0.325034003356734 0.01396794 0.005960303
0.06792036 0.321446430078291 0.019386 0.005913588
0.06823387 0.32438256010606 0.01647794 0.005918882
0.06854882 0.317140482899329 0.02014676 0.005942713
0.06886523 0.321099792624877 0.01733979 0.005998673
0.0691831 0.317451619974278 0.01476233 0.006005947
0.06950243 0.305250795635551 0.01630901 0.005951188
0.06982324 0.311428539839531 0.01422364 0.005978283
0.07014553 0.315045056101691 0.01593935 0.005992455
0.07046931 0.312726225648493 0.02229094 0.006004208
0.07079458 0.302006241937556 0.01720853 0.00601462
0.07112135 0.311055672807125 0.01615827 0.00607017
0.07144963 0.311818817885579 0.01657118 0.006056592
0.07177943 0.296452580819956 0.01782002 0.006054988
0.07211075 0.30589002856497 0.01287842 0.006096182
0.0724436 0.294005089759457 0.01469152 0.006087117
0.07277798 0.298021154867136 0.01622312 0.006103106
0.07311391 0.299654172276497 0.01879714 0.006106971
0.07345139 0.301780124877274 0.01396301 0.006138125
0.07379042 0.301266160799251 0.01372358 0.006165524
0.07413102 0.290845329959068 0.01541264 0.006185068
0.0744732 0.296294977228939 0.01390702 0.006179183
0.07481695 0.287647130258432 0.01765776 0.006161746
0.07516229 0.278852533315801 0.01311069 0.006164605
0.07550922 0.287935203393232 0.01331759 0.006197011
0.07585776 0.283250962372418 0.0173496 0.006195605
0.0762079 0.290525600435829 0.01790661 0.006229548
0.07655966 0.280646546072083 0.01171812 0.006230064
0.07691304 0.279340493931891 0.01224327 0.00625294
0.07726806 0.272654438576395 0.0148657 0.006250589
0.07762471 0.275224937317688 0.01535257 0.006233446
0.07798301 0.281848132130425 0.01371446 0.006282257
0.07834296 0.267196877209415 0.01682298 0.006269272
0.07870458 0.269327578268458 0.01510505 0.006317561
0.07906786 0.268992698902179 0.01213026 0.006320911
0.07943282 0.267450806668112 0.01288095 0.006381837
0.07979947 0.270669130787114 0.01348898 0.006359786
0.08016781 0.262450453997023 0.01503455 0.006344614
0.08053784 0.267974041545606 0.0124704 0.006378969
0.08090959 0.265271264324049 0.01227569 0.006410816
0.08128305 0.26257594896548 0.01422713 0.006399694
0.08165824 0.261107318658945 0.01212381 0.006445331
0.08203515 0.258790297142229 0.01199075 0.006453889
0.08241381 0.260128231787921 0.0144783 0.006474574
0.08279422 0.258943604509101 0.01265803 0.006433173
0.08317638 0.257035402637376 0.01154555 0.006464155
0.0835603 0.254794130335855 0.01417523 0.006454615
0.083946 0.254809054061834 0.01316806 0.006488306
0.08433348 0.25310141802258 0.01300175 0.006521893
0.08472274 0.254358402760691 0.01059395 0.006549017
0.0851138 0.249650645565608 0.01379868 0.006511433
0.08550667 0.24577997372769 0.01265984 0.006561495
0.08590135 0.243171487320271 0.01202224 0.006560989
0.08629785 0.245069513924283 0.01582071 0.006587454
0.08669619 0.242990141437924 0.01025359 0.006605516
0.08709636 0.249144143350575 0.01137439 0.006650103
0.08749838 0.240803137230871 0.0120246 0.006668571
0.08790225 0.23759363167722 0.01220881 0.006657191
0.08830799 0.240732588708063 0.01104223 0.006668498
0.0887156 0.244424175834236 0.01151758 0.006694656
0.08912509 0.237287243060537 0.01160855 0.006688194
0.08953648 0.237322517321941 0.01212061 0.006739598
0.08994976 0.23443296740859 0.01086569 0.006728756
0.09036495 0.236787298240252 0.01168186 0.006768013
0.09078205 0.227270483407079 0.01065402 0.006753259
0.09120108 0.229830806880659 0.01168962 0.006748919
0.09162205 0.232083158918134 0.01142448 0.006750538
0.09204496 0.228961386783872 0.01042819 0.006841498
0.09246982 0.231437142476906 0.01126099 0.006837963
0.09289664 0.230403787511415 0.01053625 0.006842929
0.09332543 0.22484662157938 0.01208211 0.006839783
0.0937562 0.226523166522845 0.01066201 0.006903056
0.09418896 0.223010709331828 0.01153333 0.006866381
0.09462372 0.228241203946872 0.01059489 0.006950815
0.09506048 0.223893832122467 0.009711793 0.006951791
0.09549926 0.222687022760033 0.009136328 0.006966445
0.09594006 0.21899896306 0.01117769 0.006951896
0.0963829 0.217740531172704 0.01145433 0.006983005
0.09682779 0.217240495905595 0.01086286 0.007005738
0.09727472 0.216447571210302 0.009558024 0.007013554
0.09772372 0.216437350719177 0.009619168 0.007040129
0.09817479 0.217204000612065 0.009917038 0.007055974
0.09862795 0.214389702456376 0.01103339 0.007048584
0.09908319 0.213155532929648 0.009447922 0.007084315
0.09954054 0.216425027339392 0.01030166 0.007112365
0.1 0.213101423117122 0.01016949 0.007124828
0.1004616 0.21320385414543 0.01183899 0.007162305
0.1009253 0.209848390029367 0.008795059 0.007170364
0.1013911 0.209311203729254 0.009274448 0.007178138
0.1018591 0.20993906297054 0.01114378 0.007220693
0.1023293 0.209267110902498 0.009343819 0.007231969
0.1028016 0.210374654875469 0.008225677 0.00726199
0.1032761 0.209412572007378 0.009321978 0.007280645
0.1037528 0.209213724664566 0.01113149 0.007272946
0.1042317 0.205269949181059 0.009544428 0.007290365
0.1047129 0.209519412318362 0.008800282 0.007328847
0.1051962 0.201772325269196 0.009654565 0.007330721
0.1056818 0.203519034336467 0.008388003 0.007355441
0.1061696 0.200690649087922 0.009950476 0.007389015
0.1066596 0.203285500636607 0.008761354 0.00738917
0.1071519 0.200924951585787 0.00945759 0.007413351
0.1076465 0.203808124998038 0.0104589 0.007440174
0.1081434 0.202263157571952 0.008006608 0.007476453
0.1086426 0.196911057201887 0.009250038 0.00749546
0.109144 0.200150229313847 0.008964972 0.00750574
0.1096478 0.203722743196076 0.008567191 0.007536197
0.1101539 0.195392161072851 0.008915959 0.007557377
0.1106624 0.201622047870932 0.008320638 0.007591813
0.1111732 0.195551257036466 0.008246635 0.007590038
0.1116863 0.197927905621978 0.008726436 0.007611507
0.1122018 0.195531765745869 0.008984967 0.007625242
0.1127197 0.193495988628733 0.007999083 0.007652975
0.11324 0.196668207479144 0.008134344 0.007680283
0.1137627 0.193083347605424 0.009234796 0.007705938
0.1142878 0.192625121382761 0.007917171 0.00770724
0.1148154 0.190914636268547 0.009063115 0.007753897
0.1153453 0.192385007676447 0.008333445 0.007777942
0.1158777 0.19149469436329 0.007450801 0.007803094
0.1164126 0.189153093922122 0.009696897 0.00780357
0.1169499 0.191065275454108 0.006996257 0.007862849
0.1174898 0.189734893118229 0.008188765 0.007873529
0.1180321 0.187581535129746 0.008294878 0.007887012
0.1185769 0.185839891084626 0.007934851 0.007903743
0.1191242 0.185837539467199 0.007508755 0.007938599
0.1196741 0.184657163189111 0.00766887 0.007959271
0.1202264 0.185257006526629 0.008161025 0.007968163
0.1207814 0.180900793525167 0.008053412 0.007997331
0.1213389 0.184299378164626 0.00740289 0.008027007
0.121899 0.184039117428241 0.008562682 0.008052975
0.1224616 0.182125013901243 0.007329025 0.008082062
0.1230269 0.184314618454489 0.007847407 0.008107434
0.1235947 0.181588822516195 0.008010944 0.008139012
0.1241652 0.182506903004354 0.00680288 0.008168176
0.1247384 0.180667666836016 0.007294392 0.008185518
0.1253141 0.178185896429178 0.007817145 0.008210893
0.1258925 0.179881050806705 0.007494984 0.008222014
0.1264736 0.181105497299841 0.007165916 0.008247285
0.1270574 0.180039762371317 0.007389555 0.00828358
0.1276439 0.180359672788205 0.006705292 0.008304118
0.1282331 0.177351456641618 0.007622021 0.008333087
0.128825 0.176630143219316 0.008061494 0.008348222
0.1294196 0.175457884543693 0.007224731 0.008392996
0.130017 0.17507167660473 0.006638403 0.008419476
0.1306171 0.179069833241235 0.006993758 0.008438984
0.13122 0.17745574182982 0.00712223 0.008482207
0.1318257 0.176779968383459 0.006783782 0.008506849
0.1324342 0.173313480790797 0.006900173 0.008517613
0.1330454 0.172404377149931 0.006395696 0.008550978
0.1336596 0.170335880894172 0.007672921 0.00858957
0.1342765 0.174106970778741 0.006372804 0.008588327
0.1348963 0.172599810125133 0.006867722 0.008636679
0.1355189 0.169931515755269 0.006864201 0.008657742
0.1361445 0.173327590495359 0.006892912 0.008689325
0.1367729 0.171203808618361 0.007104446 0.008712106
0.1374042 0.172439040895273 0.006290878 0.008760437
0.1380384 0.169284685292625 0.006792874 0.008772378
0.1386756 0.169856263997607 0.006013233 0.008818575
0.1393157 0.168835277635313 0.006453034 0.008839221
0.1399587 0.166929517827839 0.006655485 0.008864555
0.1406048 0.166844113414171 0.006519438 0.008891197
0.1412538 0.167088726849984 0.006026796 0.008923229
0.1419058 0.166565989430023 0.00632996 0.008943654
0.1425608 0.166605107681452 0.006797712 0.008976286
0.1432188 0.165898017022242 0.00630771 0.009020476
0.1438799 0.16702157008308 0.006698436 0.009042328
0.144544 0.165536953300383 0.006034933 0.00906915
0.1452112 0.165344866857673 0.006238487 0.009111809
0.1458814 0.164923746444603 0.005704659 0.009146773
0.1465548 0.165126166436968 0.006348142 0.009166603
0.1472313 0.162207515257958 0.005534451 0.009198433
0.1479108 0.16313104516727 0.00673426 0.009228794
0.1485936 0.160806561787565 0.005801753 0.009255094
0.1492794 0.161656422758638 0.006106648 0.009287689
0.1499685 0.161419361632637 0.00586856 0.009321382
0.1506607 0.159645066284012 0.00618389 0.009351294
0.1513561 0.160201856933252 0.00604232 0.00939748
0.1520548 0.158949869382173 0.00557045 0.009425185
0.1527566 0.162265378613685 0.005760982 0.009457391
0.1534617 0.160236294561533 0.005911968 0.009500571
0.15417 0.158079499593733 0.005614779 0.009521869
0.1548817 0.158953849042434 0.005462044 0.009549203
0.1555966 0.158491326595626 0.006000118 0.009579762
0.1563148 0.156307171463533 0.005306857 0.00962234
0.1570363 0.154544272414745 0.005517848 0.009656311
0.1577611 0.155361323800371 0.006013342 0.009682934
0.1584893 0.157249763041027 0.005761667 0.009732284
0.1592209 0.156967749843442 0.005337911 0.009757255
0.1599558 0.155485529901584 0.00522067 0.009805475
0.1606941 0.154361411548095 0.005475746 0.009835314
0.1614359 0.153836096393646 0.00536318 0.009861414
0.162181 0.152967083307568 0.005385139 0.009895563
0.1629296 0.151689047071145 0.004971291 0.009933396
0.1636817 0.151510505040346 0.00620416 0.009964095
0.1644372 0.152400140002322 0.005121538 0.01000411
0.1651962 0.150340439700208 0.005200117 0.01004241
0.1659587 0.152055447155627 0.005729781 0.01008218
0.1667247 0.152969412313289 0.004972445 0.01011715
0.1674943 0.15031145149308 0.00495645 0.01016359
0.1682674 0.149988805059763 0.005298939 0.01018483
0.1690441 0.148861815019608 0.005166971 0.01022167
0.1698244 0.148770011493133 0.004826242 0.01026004
0.1706082 0.150787133952796 0.00495112 0.01029468
0.1713957 0.148198681516917 0.005443049 0.01033564
0.1721869 0.14897082605437 0.005128138 0.01037827
0.1729816 0.148316556340443 0.004703471 0.01041453
0.1737801 0.147423868798153 0.005572297 0.01045535
0.1745822 0.148879316480074 0.00442182 0.01049735
0.1753881 0.146100337809201 0.005008348 0.01053215
0.1761976 0.148307715163386 0.004978267 0.01056412
0.1770109 0.146407495223889 0.004612212 0.0106044
0.1778279 0.145083670282759 0.004944261 0.01064344
0.1786488 0.14586128685307 0.004760537 0.01068591
0.1794734 0.14204101650789 0.00503289 0.01072458
0.1803018 0.144314465267089 0.00464691 0.01077049
0.181134 0.14435374180046 0.004656264 0.0108122
0.1819701 0.144080547168227 0.0045998 0.01085018
0.18281 0.142817932115315 0.004662415 0.01089116
0.1836538 0.141162890904283 0.004439314 0.010929
0.1845015 0.144128348314771 0.004598553 0.0109633
0.1853532 0.143080951479836 0.004646054 0.01101302
0.1862087 0.14411998198354 0.004559799 0.01105144
0.1870682 0.141560065520669 0.004595809 0.01110176
0.1879317 0.143274824247322 0.004733805 0.01113503
0.1887991 0.141467154020599 0.004143191 0.01119033
0.1896706 0.141203071905895 0.004490533 0.01122072
0.1905461 0.14323509547983 0.004581174 0.0112621
0.1914256 0.141942678198373 0.004025034 0.01130772
0.1923092 0.139033343042248 0.00461336 0.01135065
0.1931968 0.139109793220329 0.004722762 0.01138909
0.1940886 0.140041033721397 0.004075493 0.01144462
0.1949845 0.138749814860359 0.004349475 0.01148009
0.1958845 0.142458473824584 0.004275684 0.0115385
0.1967886 0.138107913749629 0.003972473 0.01157241
0.197697 0.137747754496011 0.004441 0.0116135
0.1986095 0.136126314280137 0.004166724 0.0116573
0.1995262 0.136627321850605 0.004141887 0.01170621
0.2004472 0.137861039143213 0.004525387 0.01174246
0.2013724 0.135412213992058 0.003877755 0.01180482
0.2023019 0.135884007238338 0.003980923 0.01184418
0.2032357 0.135638828509873 0.004123994 0.0118959
0.2041738 0.13430580060439 0.004052571 0.01193661
0.2051162 0.134852257703974 0.00384118 0.01197748
0.206063 0.132686350218646 0.004044141 0.01203169
0.2070141 0.13284949367764 0.004098966 0.01207415
0.2079697 0.133569608679522 0.00422099 0.01212404
0.2089296 0.134462612785695 0.00379021 0.01217399
0.209894 0.132042346219255 0.00384132 0.01222365
0.2108628 0.13271997382551 0.003831826 0.01227106
0.2118361 0.133516425946943 0.00392251 0.01231473
0.2128139 0.13176141838356 0.003692722 0.0123619
0.2137962 0.132074296559873 0.004091752 0.01241147
0.214783 0.133105186849407 0.003918419 0.0124608
0.2157744 0.132341137302712 0.003714844 0.01251585
0.2167704 0.131945907293044 0.003655765 0.01256865
0.217771 0.132605603816419 0.003810692 0.01261223
0.2187762 0.129681774556729 0.003728893 0.0126635
0.219786 0.129642362353122 0.003746312 0.01270677
0.2208005 0.129791102155376 0.00360506 0.01276256
0.2218196 0.129712368194985 0.003870291 0.0128134
0.2228435 0.131510745010531 0.003582098 0.01286972
0.2238721 0.129748818265103 0.003605542 0.01292065
0.2249055 0.129470626445837 0.003560272 0.01297068
0.2259436 0.129300925592095 0.003566296 0.01302353
0.2269865 0.129839536429688 0.003561991 0.01306566
0.2280342 0.130438226570198 0.003576698 0.01312816
0.2290868 0.130103166310272 0.00368878 0.01317581
0.2301442 0.128401884160411 0.003539917 0.01323517
0.2312065 0.130153906978599 0.003386376 0.01328727
0.2322737 0.127565092755424 0.003454002 0.013338
0.2333458 0.127222344515447 0.003382144 0.01339171
0.2344229 0.12744823545867 0.003405847 0.01344455
0.2355049 0.126548651346041 0.003510243 0.01350566
0.236592 0.126866255368914 0.003480593 0.01355656
0.237684 0.128456220089997 0.003364115 0.01361845
0.2387811 0.128134003279095 0.003218562 0.01366862
0.2398833 0.125799073291205 0.00336414 0.0137265
0.2409905 0.125919865024808 0.003312773 0.01377682
0.2421029 0.126327124462083 0.003491066 0.0138326
0.2432204 0.126342862209478 0.003247442 0.01389604
0.2443431 0.124202166776371 0.003401031 0.01394508
0.2454709 0.126333478351477 0.00307081 0.01401317
0.2466039 0.1256051326886 0.003195509 0.01406019
0.2477422 0.124921377310012 0.003261201 0.01412265
0.2488857 0.125488433673789 0.003151654 0.01417672
0.2500345 0.124616368007397 0.003509654 0.01424034
0.2511886 0.124741569023675 0.003072219 0.01429593
0.2523481 0.12379653538193 0.0031986 0.01435862
0.2535129 0.123317325496073 0.00303969 0.01441224
0.254683 0.123906066485931 0.003090655 0.01447288
0.2558586 0.123551017477875 0.003133584 0.01453534
0.2570396 0.123013537225584 0.003273821 0.01459221
0.258226 0.123339077957272 0.002989608 0.01465867
0.2594179 0.123455030785785 0.003083021 0.01471812
0.2606154 0.122758386734761 0.002927299 0.01477616
0.2618183 0.121801007101524 0.003025682 0.01483623
0.2630268 0.122833457598775 0.003071369 0.01490081
0.2642409 0.122315649530727 0.003018064 0.01496422
0.2654606 0.12164367485098 0.003019406 0.01502808
0.2666859 0.121606433371151 0.002882643 0.0150883
0.2679168 0.121369010457854 0.002953453 0.01514887
0.2691535 0.121364058494234 0.002940779 0.01520977
0.2703958 0.122524920870019 0.002930077 0.01527912
0.2716439 0.122404784875891 0.003033058 0.01534234
0.2728978 0.123915631237581 0.002841422 0.01540743
0.2741574 0.120793203363845 0.002844803 0.01546732
0.2754229 0.121318722023648 0.002833925 0.01553141
0.2766942 0.121484352770305 0.002868768 0.01560003
0.2779713 0.121031508133677 0.002892382 0.01566459
0.2792544 0.122212087917118 0.002731119 0.0157351
0.2805434 0.119699452531552 0.002769769 0.01580186
0.2818383 0.120314852722817 0.002794123 0.01586277
0.2831392 0.120231732091457 0.002800482 0.01593155
0.2844461 0.120531427643156 0.002835327 0.01599576
0.2857591 0.121206567961747 0.002803387 0.01606707
0.2870781 0.120322246750688 0.002612149 0.01613382
0.2884032 0.119861488016951 0.002725283 0.0162012
0.2897344 0.118986844616071 0.00264409 0.01626978
0.2910717 0.119226800040443 0.002837039 0.01633856
0.2924152 0.118541529677551 0.002617399 0.01641178
0.293765 0.119543386536545 0.002691712 0.01648323
0.2951209 0.119133888540373 0.00262366 0.01654696
0.2964831 0.118877313512071 0.002618731 0.01661904
0.2978516 0.11935349342932 0.002790851 0.01668749
0.2992265 0.118594644575011 0.002639467 0.01676341
0.3006076 0.1199558240545 0.002667909 0.01683332
0.3019952 0.118598330283094 0.002615371 0.01690239
0.3033891 0.116631111858636 0.002633422 0.016975
0.3047895 0.117776281710437 0.002789813 0.01704773
0.3061963 0.11810544031509 0.002714663 0.01712203
0.3076097 0.118032449728031 0.002630941 0.01719619
0.3090295 0.117905846785979 0.002621274 0.01726762
0.310456 0.116737929557913 0.002729876 0.01734015
0.311889 0.117613386980209 0.002818643 0.01741652
0.3133286 0.116634300109186 0.002798366 0.01749078
0.3147748 0.116772321962782 0.00260741 0.01756484
0.3162278 0.115367705396013 0.002678822 0.01763883
0.3176874 0.115191447147522 0.002794378 0.01771534
0.3191538 0.115849493016357 0.002802281 0.01779365
0.3206269 0.117297727564055 0.002675424 0.01787118
0.3221069 0.115182108512933 0.002685198 0.01794569
0.3235937 0.113808356924892 0.002643371 0.01802071
0.3250873 0.115400017523927 0.002808577 0.01810066
0.3265878 0.116370918957368 0.002750339 0.01818116
0.3280953 0.115310588226585 0.002650431 0.01826139
0.3296097 0.113630832420864 0.002636359 0.01833721
0.3311311 0.113045573633735 0.002825313 0.01841321
0.3326596 0.114527567458533 0.002801242 0.01849488
0.334195 0.115114906522617 0.002644372 0.01857702
0.3357376 0.113231690586053 0.002668935 0.0186541
0.3372873 0.113690776053545 0.002781896 0.01873415
0.3388442 0.113775140328736 0.002829142 0.01881939
0.3404082 0.114484786110727 0.002796145 0.0189005
0.3419794 0.112624272327016 0.002708233 0.01898195
0.3435579 0.113864976636787 0.002876563 0.01906412
0.3451437 0.113129892685514 0.002923282 0.01914618
0.3467369 0.112342033012371 0.002990585 0.01922929
0.3483373 0.113928131131724 0.003002475 0.01931182
0.3499452 0.112431801485304 0.003033803 0.01939753
0.3515604 0.113488808295301 0.003144337 0.01947957
0.3531832 0.114440150603027 0.003054096 0.01956531
0.3548134 0.114066627831147 0.003177591 0.01965305
0.3564511 0.112866511533697 0.003226969 0.01973931
0.3580964 0.113758769453572 0.003346814 0.0198223
0.3597493 0.112951644606893 0.003349235 0.01990792
0.3614099 0.113064363961444 0.003290284 0.01999129
0.3630781 0.112651564656192 0.003300959 0.02008265
0.3647539 0.111403104531254 0.003426096 0.02016916
0.3664376 0.112263208605157 0.003452018 0.0202596
0.368129 0.114490054638232 0.003499429 0.02034981
0.3698282 0.112536516295921 0.003596693 0.0204353
0.3715352 0.113449328256575 0.003569762 0.02052495
0.3732502 0.113189564977723 0.003707152 0.0206138
0.374973 0.112002020788825 0.003559926 0.02070535
0.3767038 0.113543573847301 0.003773414 0.02079938
0.3784426 0.113493828094039 0.00378464 0.02088772
0.3801894 0.110807647864706 0.003739319 0.0209819
0.3819443 0.1114475365336 0.003865724 0.02107433
0.3837072 0.112842497901895 0.003967087 0.02116787
0.3854784 0.110987953608575 0.004092015 0.02126004
0.3872576 0.112217804299452 0.004016859 0.02135334
0.3890451 0.110561089822174 0.004097055 0.02144756
0.3908409 0.11144138614956 0.004248399 0.02154217
0.3926449 0.112132490332608 0.004246722 0.02163436
0.3944573 0.110425984878655 0.004325006 0.02173016
0.396278 0.111828091546055 0.004428605 0.02182525
0.3981072 0.110261552552418 0.004399438 0.02192067
0.3999447 0.112010997636118 0.004504636 0.0220208
0.4017908 0.111715123462738 0.004763518 0.02211778
0.4036454 0.111244053791051 0.004901155 0.02221372
0.4055085 0.112496222235778 0.004776198 0.02230925
0.4073803 0.111771901456575 0.005083782 0.02240632
0.4092607 0.109951885238361 0.005057588 0.02250421
0.4111497 0.110429376634559 0.005232806 0.02260408
0.4130475 0.113169033548649 0.005175899 0.02270688
0.414954 0.109744897681378 0.005739024 0.02280769
0.4168694 0.109495535787298 0.005996115 0.02290524
0.4187936 0.110051738532181 0.005695177 0.02300881
0.4207266 0.108058946268205 0.006335428 0.02311337
0.4226686 0.109734993754137 0.006506182 0.02321608
0.4246196 0.1110383098779 0.006997177 0.02331745
0.4265795 0.107925672872874 0.006932009 0.02342127
0.4285485 0.110250698933524 0.007567924 0.02352148
0.4305266 0.108396719932855 0.007874829 0.02362429
