0.009954054 0.33355518384 0.0602043902807428
0.01 0.322997326223 0.0528602594817733
0.01004616 0.305194988975 0.0548208346579364
0.01009253 0.1783101201 0.0557103298868253
0.01013911 0.273990856005 0.0559243731838722
0.01018591 0.288072684585 0.0558714311177958
0.01023293 0.3138726625865 0.0448635720938681
0.01028016 0.288594001895 0.0587007304421512
0.01032761 0.3119335474415 0.0521380477239281
0.01037528 0.21540767096 0.0483751830076466
0.01042317 0.2706127969835 0.0568732364760245
0.01047129 0.295526458245 0.0487457918576876
0.01051962 0.267742688305 0.0595980803323949
0.01056818 0.23710123386 0.0518291061790188
0.01061696 0.278296938415 0.0486152716796564
0.01066596 0.230940167565 0.0430450715382749
0.01071519 0.30894114229 0.0380916368735199
0.01076465 0.282680219885 0.045254609593174
0.01081434 0.33765341912495 0.0532383250657118
0.01086426 0.2331148554 0.0443966726153267
0.0109144 0.2760699693475 0.0423486676595911
0.01096478 0.25234305548 0.0422660973500795
0.01101539 0.296405790395 0.0491900876078789
0.01106624 0.253126784965 0.0470319968603588
0.01111732 0.247937059819 0.0480712529876693
0.01116863 0.295046931645 0.0385775167062604
0.01122018 0.23413777181 0.0418156457891469
0.01127197 0.24083809655 0.0411622833063826
0.011324 0.241427203505 0.0400564247700228
0.01137627 0.235015570445 0.0495671797452558
0.01142878 0.28017800438 0.0488361379272286
0.01148154 0.33389249632 0.0381819987274134
0.01153453 0.290077730435 0.0467667793435094
0.01158777 0.2545826534195 0.0414018064627451
0.01164126 0.277583845895 0.0321944855738526
0.01169499 0.24337013245 0.0341734661303474
0.01174898 0.28188325387 0.0419489893190122
0.01180321 0.2422813432375 0.035885927389382
0.01185769 0.21411317312 0.0392526747883466
0.01191242 0.25458625176 0.0364781096511387
0.01196741 0.261319491745 0.0421576335106348
0.01202264 0.25809929809 0.0352395421706994
0.01207814 0.26065536452 0.0333041356456071
0.01213389 0.2172468474 0.0387966909369987
0.0121899 0.256567636485 0.0360906927248356
0.01224616 0.259581349045 0.0340637628447592
0.01230269 0.276787706505 0.0381654534031721
0.01235947 0.243896159305 0.0338819787816724
0.01241652 0.235360013235 0.0336480873934151
0.01247384 0.241754487315 0.0419821402227876
0.01253141 0.24447600287 0.0389588350299557
0.01258925 0.251807455995 0.0282696861038534
0.01264736 0.26473557481 0.0311805839867858
0.01270574 0.246499557405 0.028844565555404
0.01276439 0.255877034785 0.0352533359389221
0.01282331 0.24161600045 0.0341174898146889
0.0128825 0.311612478272 0.0333096432140424
0.01294196 0.23645835955 0.0338127817372795
0.0130017 0.277832970085 0.0317345948350156
0.01306171 0.27899031442 0.0298303221944534
0.013122 0.2160759666 0.027937659697276
0.01318257 0.305917206515 0.0329487567527547
0.01324342 0.243269380665 0.0351423875823328
0.01330454 0.26256998505 0.0293571696196653
0.01336596 0.247867232695 0.0292614017485578
0.01342765 0.244094437965 0.0284782297155792
0.01348963 0.282306220425 0.0336089455344526
0.01355189 0.23689482967 0.0296918555524322
0.01361445 0.258681483365 0.0293014550988616
0.01367729 0.2415948722 0.0254828973046022
0.01374042 0.23901244031 0.0286328280798963
0.01380384 0.242329447685 0.0283393070527933
0.01386756 0.2164198488 0.0306928099159673
0.01393157 0.230449048505 0.031410158216413
0.01399587 0.23971263498 0.0268902224151828
0.01406048 0.24571588693 0.0231505580683166
0.01412538 0.225650725955 0.0304057147050369
0.01419058 0.24875531254 0.0304180682468907
0.01425608 0.26713403012 0.0268173161710433
0.01432188 0.21066018248 0.0260055207765832
0.01438799 0.226021326285 0.0317290534265632
0.0144544 0.228340539755 0.0278554949572342
0.01452112 0.237052053635 0.0218351092185453
0.01458814 0.236877502655 0.0265351172820698
0.01465548 0.2562108207 0.0281766921798745
0.01472313 0.25192125282 0.022654637832093
0.01479108 0.20279873631 0.0276001668151136
0.01485936 0.248508446185 0.0295750369328679
0.01492794 0.26465937475 0.0245323971105251
0.01499685 0.24278379682 0.0229119087331457
0.01506607 0.208869716965 0.0258708661917996
0.01513561 0.253625832665 0.0236339569080254
0.01520548 0.21675971254 0.0241070457159665
0.01527566 0.230745775385 0.0249079639320278
0.01534617 0.22272855773 0.0258225605289328
0.015417 0.241172487905 0.0256507431334084
0.01548817 0.23228857051 0.0222204084042981
0.01555966 0.21909889322 0.0225757896925445
0.01563148 0.252651145765 0.0216972167779603
0.01570363 0.2481340476 0.0235969655006507
0.01577611 0.24600905189 0.0268157266221484
0.01584893 0.22475556557 0.023743067481187
0.01592209 0.236677960465 0.0209750564302125
0.01599558 0.25419141519 0.0238545780889455
0.01606941 0.251604578405 0.0229188045650488
0.01614359 0.23834010178 0.0230419257575512
0.0162181 0.218920383655 0.0233717965716716
0.01629296 0.24506241458 0.023238859051651
0.01636817 0.231066948965 0.026706748500834
0.01644372 0.221437278045 0.0216049881951484
0.01651962 0.219032268755 0.0195492377068391
0.01659587 0.24734741925 0.02217257588574
0.01667247 0.24060821449 0.0209239409190955
0.01674943 0.22759213248 0.022080476111427
0.01682674 0.229109225575 0.0240401129376819
0.01690441 0.242975019175 0.0198389189693894
0.01698244 0.236065590245 0.021063723073379
0.01706082 0.198682389905 0.0218264711693233
0.01713957 0.211554402125 0.0204613249330267
0.01721869 0.24264059258 0.0230938879519669
0.01729816 0.222346020915 0.0211568121907862
0.01737801 0.2038045361 0.0220705195566869
0.01745822 0.22857520039 0.0176422939651991
0.01753881 0.20968783812 0.0199637652945155
0.01761976 0.214581298345 0.0206639274397995
0.01770109 0.223828835745 0.0198014015552258
0.01778279 0.233205405685 0.0215890876165205
0.01786488 0.22557330296 0.0200628878731976
0.01794734 0.217629636655 0.0201410789710234
0.01803018 0.236353567975 0.0205093374707644
0.0181134 0.22819857102 0.018202750424142
0.01819701 0.22072484238 0.0228752958471098
0.018281 0.226610804315 0.0195198411787084
0.01836538 0.20366740588 0.0210458730750449
0.01845015 0.221865904775 0.0162007599368672
0.01853532 0.236764975 0.0188048138134255
0.01862087 0.237531101815 0.0208002359703177
0.01870682 0.213841102205 0.0195530726691868
0.01879317 0.20493761182 0.0189678063902234
0.01887991 0.2605942791 0.0175060829985608
0.01896706 0.225734185655 0.0200829977884677
0.01905461 0.21241070529 0.0178702615772266
0.01914256 0.20991425597 0.0194787635939784
0.01923092 0.222973585355 0.0188341510211902
0.01931968 0.241293527745 0.020828495468317
0.01940886 0.20354595592 0.0160561134322102
0.01949845 0.222156804635 0.0173957976026539
0.01958845 0.20865634002 0.0189183815194271
0.01967886 0.232926100145 0.0166737770355849
0.0197697 0.19430871155 0.0192519496959165
0.01986095 0.20645169966 0.0180265738554197
0.01995262 0.220253429885 0.0170159883021968
0.02004472 0.2016468813 0.0183485098458158
0.02013724 0.207209100615 0.0177778098113153
0.02023019 0.22539862837 0.0181858871277703
0.02032357 0.224494242455 0.0165172868455325
0.02041738 0.21680614081 0.0158976273153575
0.02051162 0.216666679075 0.0175883916901034
0.0206063 0.21084972116 0.016815304615204
0.02070141 0.20734312591 0.0169946636011426
0.02079697 0.22244437671 0.0174365038547181
0.02089296 0.23784299768 0.0160243343458285
0.0209894 0.214616874075 0.01735767174876
0.02108628 0.216364186365 0.0155234913087005
0.02118361 0.215669025305 0.0181093153704633
0.02128139 0.21165330871 0.0158275260841674
0.02137962 0.21551109234 0.0146336861312897
0.0214783 0.2173601704 0.0163058019613051
0.02157744 0.224399014605 0.0173059231333581
0.02167704 0.223583633765 0.0159414157962522
0.0217771 0.22372610065 0.0147166716921023
0.02187762 0.209781109235 0.0156917910639449
0.0219786 0.22753163612 0.0166609563813486
0.02208005 0.237580189765 0.0148277042352808
0.02218196 0.19813618067 0.0167831006325113
0.02228435 0.198821979065 0.0149363308450268
0.02238721 0.21502145439 0.0141623754734472
0.02249055 0.203686238175 0.0146186488132454
0.02259436 0.209700245765 0.0159130473162936
0.02269865 0.210748026555 0.015621346453123
0.02280342 0.205883201285 0.0143289862300906
0.02290868 0.222466113055 0.0156480668051552
0.02301442 0.21801174214 0.0162496055279874
0.02312065 0.218001920365 0.0150186120688331
0.02322737 0.21617355876 0.0134437098103632
0.02333458 0.209674884255 0.0152527783945516
0.02344229 0.20325309444 0.0148025393033628
0.02355049 0.220936752905 0.0144499062364451
0.0236592 0.21054999149 0.0144850608065863
0.0237684 0.203630783745 0.0139161813603372
0.02387811 0.20457027816 0.0152902580347357
0.02398833 0.196282809655 0.0139390398045816
0.02409905 0.19307863632 0.0160631862075025
0.02421029 0.198335768855 0.0129883626405333
0.02432204 0.21189700223 0.0135899519259267
0.02443431 0.204481334245 0.0138770106447846
0.02454709 0.207675375015 0.0144375096090388
0.02466039 0.21058926251 0.0130720266311302
0.02477422 0.2137801112 0.0137722727598789
0.02488857 0.206542330615 0.0147526495301759
0.02500345 0.207801040085 0.0131472636964094
0.02511886 0.201423207605 0.0147467292178484
0.02523481 0.214110682475 0.0124453261328248
0.02535129 0.19877167952 0.0125462550800152
0.0254683 0.2043969276 0.0144872820039316
0.02558586 0.203628425485 0.0137095996365142
0.02570396 0.198860513 0.0119995146428846
0.0258226 0.193680263655 0.0140695741837248
0.02594179 0.23313296821 0.0137816609050272
0.02606154 0.19860400538 0.0125816057577823
0.02618183 0.18885901226 0.0122013665043031
0.02630268 0.20997929784 0.0124492640523439
0.02642409 0.207305780145 0.0125014204142472
0.02654606 0.196432486035 0.0134456216664065
0.02666859 0.192682739905 0.012083299983255
0.02679168 0.206748333855 0.0130499701119113
0.02691535 0.202758149515 0.0126155132322013
0.02703958 0.188056800965 0.0132463330307427
0.02716439 0.20088217895 0.0112814251568788
0.02728978 0.211191330145 0.0120491419375674
0.02741574 0.18904616107 0.0125420048012965
0.02754229 0.196047097865 0.0117565140792109
0.02766942 0.209261098575 0.0121769989606268
0.02779713 0.201214442445 0.0120027125769369
0.02792544 0.182587091575 0.0127903615652854
0.02805434 0.206820409945 0.0116696663249041
0.02818383 0.192644147315 0.0111437616081431
0.02831392 0.183855833605 0.0119507345739497
0.02844461 0.20521774944 0.0124427671593615
0.02857591 0.185070179915 0.0112656184253958
0.02870781 0.199055209695 0.0116269565727682
0.02884032 0.203221940055 0.0115571104962329
0.02897344 0.18202069723 0.0124174672566734
0.02910717 0.1928833653 0.0102725402346281
0.02924152 0.19283535883 0.0123987511529519
0.0293765 0.20228219206 0.0106759197890506
0.02951209 0.203180793955 0.0116146304905953
0.02964831 0.184473292445 0.0113218442754686
0.02978516 0.185465392045 0.0115246473846358
0.02992265 0.206477776345 0.0118493397698458
0.03006076 0.18597749519 0.00973309654350788
0.03019952 0.19687912411 0.01173818392909
0.03033891 0.18452202966 0.0108415776662643
0.03047895 0.18084083308 0.0108623481157732
0.03061963 0.193224445275 0.0109595640649492
0.03076097 0.186192458355 0.010747961856886
0.03090295 0.19135022591 0.0115718952326122
0.0310456 0.18926049095 0.00984004831913264
0.0311889 0.185240045245 0.0104759535132464
0.03133286 0.18272526545 0.0109551971475718
0.03147748 0.189498649135 0.0103040187069349
0.03162278 0.175657292925 0.0106601260622524
0.03176874 0.18101942558 0.0106069532324385
0.03191538 0.18836655518 0.0105043929457758
0.03206269 0.196000948595 0.00982058646211646
0.03221069 0.192441871455 0.0106755038870304
0.03235937 0.17940781674 0.0100752242774678
0.03250873 0.187396243935 0.010205501923439
0.03265878 0.186960317525 0.0103788775942269
0.03280953 0.18357390052 0.0104283038617231
0.03296097 0.181442091275 0.00944354821820406
0.03311311 0.1956581139 0.0097881153623218
0.03326596 0.185845976135 0.0103014773012807
0.0334195 0.200807187465 0.00968070433156039
0.03357376 0.18177039971 0.0102452490580517
0.03372873 0.188587278885 0.0101183079140798
0.03388442 0.17599888141 0.0094922787276694
0.03404082 0.1750896542 0.00965770727080015
0.03419794 0.16744764776 0.00942824917047444
0.03435579 0.173980693255 0.00968092306716307
0.03451437 0.1766879349 0.00978471828526637
0.03467369 0.17672942074 0.00983436122876036
0.03483373 0.175344025845 0.0091668473165079
0.03499452 0.172296479295 0.0092679686374232
0.03515604 0.17215760334 0.00938534249118837
0.03531832 0.17391502609 0.00935853323730151
0.03548134 0.17399467818 0.00961560840684447
0.03564511 0.17531987873 0.00903361397148921
0.03580964 0.166690832115 0.00926716363191683
0.03597493 0.16625390996 0.00861134369824942
0.03614099 0.17540630249 0.00971217367237973
0.03630781 0.17207005191 0.00863360610077481
0.03647539 0.171358411135 0.00929978035143734
0.03664376 0.16821171475 0.00916395822370252
0.0368129 0.168417511855 0.00882451351505294
0.03698282 0.17545540106 0.00884034927291026
0.03715352 0.161456553725 0.00895264729169255
0.03732502 0.1729997645 0.00856618484641523
0.0374973 0.17605816161 0.00910694797210355
0.03767038 0.17748176052 0.00877349168798062
0.03784426 0.174758806225 0.00847966362895375
0.03801894 0.17058525448 0.00845864180723815
0.03819443 0.17064510036 0.00868276985688398
0.03837072 0.17113869817 0.00852821642358993
0.03854784 0.16806372877 0.00888437849158375
0.03872576 0.160759251615 0.00823998957295002
0.03890451 0.170077744225 0.00834777746209624
0.03908409 0.171076662465 0.00869508973961241
0.03926449 0.16653730026 0.00818305134819549
0.03944573 0.17679375038 0.00844526858823596
0.0396278 0.16008152926 0.00836978260847162
0.03981072 0.16649196109 0.00798738940843058
0.03999447 0.162618548515 0.0082634980486069
0.04017908 0.16501719571 0.00816190548666529
0.04036454 0.175236625785 0.00849226671541986
0.04055085 0.16204795707 0.00832009911604063
0.04073803 0.15945989571 0.00797414889229164
0.04092607 0.163356646555 0.00823703607061132
0.04111497 0.158058302565 0.0084773743299005
0.04130475 0.16341604628 0.00831791198020952
0.0414954 0.157079350195 0.00859105041925433
0.04168694 0.16262390274 0.00786093490245435
0.04187936 0.147925394955 0.00836637859162685
0.04207266 0.165752065495 0.00821884955325336
0.04226686 0.151005861095 0.00832656190195461
0.04246196 0.155765075585 0.00867962791770304
0.04265795 0.149491643695 0.00802156957090824
0.04285485 0.16408551796 0.00844907514834523
0.04305266 0.15853937479 0.00835445856269633
0.04325138 0.15199210489 0.0085851019971178
0.04345102 0.155636210805 0.00878545872983676
0.04365158 0.155194801345 0.00792278187273157
0.04385307 0.15455600566 0.00870905491438652
0.04405549 0.15470686402 0.00830719466392723
0.04425884 0.14557698891 0.00876404138820014
0.04446313 0.15010880132 0.00861661502332935
0.04466836 0.139042725385 0.00795062214418381
0.04487454 0.15443533933 0.00861279326511963
0.04508167 0.14869698354 0.00837513714725968
0.04528976 0.15393588479 0.00842700537503614
0.04549881 0.14857514362 0.00826761480460628
0.04570882 0.15159304649 0.00848311842941409
0.0459198 0.156357521595 0.00827015054540684
0.04613176 0.15305973092 0.00894039906757389
0.04634469 0.15026167014 0.00893153118117521
0.04655861 0.150143130835 0.00865016830675826
0.04677351 0.141159660875 0.00876623916590262
0.04698941 0.143353493925 0.00860177782849336
0.0472063 0.14570479004 0.00905115650792284
0.0474242 0.14204633178 0.0095040456263154
0.0476431 0.140129182785 0.00929892112352965
0.04786301 0.149441415115 0.0092853919840871
0.04808393 0.129158392685 0.00970110128518041
0.04830588 0.141372331945 0.00979226495691901
0.04852885 0.125175694905 0.010006011042092
0.04875285 0.142029208505 0.00978026663879493
0.03311311 0.165930567068705 0.0199514005925524
0.03326596 0.181464007994177 0.0181528514147723
0.0334195 0.182318657530977 0.0295576218852634
0.03357376 0.172038973227666 0.0346025963405017
0.03372873 0.191199452764945 0.031555307209666
0.03388442 0.173902578086354 0.0216026159130995
0.03404082 0.210691166305364 0.0483546546693997
0.03419794 0.180967976408671 0.027246208448197
0.03435579 0.169332240895427 0.0228316084705064
0.03451437 0.183404958455541 0.0201029718262997
0.03467369 0.171619534585669 0.020222832214544
0.03483373 0.178985820183766 0.0267514816184824
0.03499452 0.174951217964328 0.0233546108908477
0.03515604 0.176725109947417 0.0186155808525439
0.03531832 0.181067452161025 0.0315624004876467
0.03548134 0.172358846406937 0.0333534778487192
0.03564511 0.173083844610345 0.0165838169652044
0.03580964 0.166836208593085 0.0189968204308511
0.03597493 0.170861306701491 0.0214876584199396
0.03614099 0.183873127126953 0.0237085824404792
0.03630781 0.17710377845174 0.0220320994537175
0.03647539 0.176074610968447 0.0446330340250582
0.03664376 0.173353612037182 0.0181573215374185
0.0368129 0.164587734144648 0.022712802951045
0.03698282 0.169551491487682 0.0253741172469586
0.03715352 0.17909715424274 0.0187977677643118
0.03732502 0.174102124913245 0.0167272706113729
0.0374973 0.170204324568816 0.0188293829699356
0.03767038 0.168178325746237 0.0200404915794823
0.03784426 0.17259716376837 0.0193422323537796
0.03801894 0.170634434261109 0.0227185862166311
0.03819443 0.161469107999338 0.0168771700020175
0.03837072 0.173434857307079 0.0197833616865992
0.03854784 0.16990683719645 0.020370472378185
0.03872576 0.169982807523373 0.0338684407270279
0.03890451 0.161566222791208 0.0367474647501362
0.03908409 0.159668911756953 0.0300243010697418
0.03926449 0.161740553210263 0.0120870620818441
0.03944573 0.170836426660025 0.0473497510267002
0.0396278 0.169768962855929 0.030356216430023
0.03981072 0.158109442510205 0.0167542846366236
0.03999447 0.170843050937325 0.0149906498064694
0.04017908 0.167535046601563 0.024816101822462
0.04036454 0.157446668685824 0.0299763225768089
0.04055085 0.165647718252923 0.0131074751946015
0.04073803 0.163779194530877 0.0195665136146146
0.04092607 0.159080621938786 0.0147976867900358
0.04111497 0.171432707555554 0.030714122160949
0.04130475 0.151856566514989 0.0196415696230724
0.0414954 0.156108008406588 0.0483297396476704
0.04168694 0.154201562781261 0.0217935024353338
0.04187936 0.160383491033888 0.0152246636422779
0.04207266 0.151481638104572 0.0260527012871852
0.04226686 0.157956886474299 0.0148890257960855
0.04246196 0.154474686100541 0.021997525463347
0.04265795 0.160303500289115 0.0214406097480109
0.04285485 0.159841535587993 0.0150039963565212
0.04305266 0.159008980486685 0.0169851030506147
0.04325138 0.153383823264405 0.0171338658638878
0.04345102 0.158169048281187 0.021056129250793
0.04365158 0.155774064307151 0.015554307457248
0.04385307 0.147876119437488 0.0172397715873732
0.04405549 0.157829014141282 0.0201388533995881
0.04425884 0.15948333076509 0.0239829753866863
0.04446313 0.159744247413473 0.0178728322290789
0.04466836 0.152320949750907 0.0134111357863474
0.04487454 0.142934507182816 0.0141110370365149
0.04508167 0.151154652233567 0.0140582606620458
0.04528976 0.144398684962127 0.0175568235382287
0.04549881 0.153126606903258 0.0199756972403218
0.04570882 0.156989206913076 0.019196017207236
0.0459198 0.142018929443756 0.0191545502225685
0.04613176 0.144639639828592 0.0246370465557583
0.04634469 0.14315837742868 0.0130252815331524
0.04655861 0.151027574938166 0.0146731642409195
0.04677351 0.146947167886995 0.0169732709253343
0.04698941 0.14362249610678 0.0185756397515671
0.0472063 0.142989101316297 0.0140762347447411
0.0474242 0.139253825727509 0.0220710709093555
0.0476431 0.144943777073053 0.0164800108353666
0.04786301 0.143309511483086 0.0150502391102667
0.04808393 0.147974364269181 0.0148863949995323
0.04830588 0.138246517026452 0.0165284727883401
0.04852885 0.140077224534163 0.0149307710062676
0.04875285 0.142929765682777 0.0179377408810864
0.04897788 0.139015375405086 0.0137047246585607
0.04920395 0.141912041342653 0.0159885858501182
0.04943107 0.139408914843026 0.0174248508345782
0.04965923 0.135207446044775 0.0268205602104393
0.04988845 0.139447994840889 0.0152751818851692
0.05011872 0.135621385037377 0.0153806566439798
0.05035006 0.137735593720644 0.0117872373282964
0.05058247 0.138530962123282 0.0133000427459157
0.05081594 0.133131949807383 0.0208362694455629
0.0510505 0.136754144081524 0.014813669941527
0.05128614 0.133817009810176 0.0135791522146637
0.05152286 0.132157459011687 0.0158005968146934
0.05176068 0.137502706492293 0.0117342121129328
0.0519996 0.132006635125046 0.015533857092403
0.05223962 0.128266235075917 0.0134290908510578
0.05248075 0.132387948872103 0.0128818134716702
0.05272299 0.132065810402536 0.0159484194449481
0.05296634 0.129733608156827 0.0247761843836617
0.05321083 0.128433594195193 0.01203984456902
0.05345644 0.13182777644 0.0140610426165346
0.05370318 0.128834805977586 0.0129965343100142
0.05395106 0.129006636694254 0.0128000832678481
0.05420009 0.123895163571677 0.0129301409047503
0.05445027 0.128665103676647 0.0154985819374451
0.0547016 0.129812907741505 0.0156755989623874
0.05495409 0.127368363746603 0.0131503630728473
0.05520774 0.128714790911136 0.0126386041876623
0.05546257 0.120445410655243 0.0139161436062289
0.05571857 0.122392741376778 0.0134416032496
0.05597576 0.116840372620166 0.0142982394278717
0.05623413 0.12396492084881 0.0122593467256984
0.0564937 0.124588443875638 0.0137121460303594
0.05675446 0.120949201041715 0.014569534749092
0.05701643 0.119359610623834 0.0180215249859716
0.0572796 0.115181835203355 0.0150174562096049
0.05754399 0.121007990574674 0.0131149653684426
0.0578096 0.121743582697363 0.0100398646506692
0.05807644 0.117520072956629 0.0111584765186608
0.05834451 0.117328844583424 0.0138478588640213
0.05861382 0.114787402977823 0.013635998413117
0.05888437 0.114895438226673 0.0123229331640861
0.05915616 0.116800254216094 0.0123566358428708
0.05942922 0.117603666384024 0.0118431803243472
0.05970353 0.114034471729017 0.0136829191102091
0.05997911 0.113453414939491 0.0110445244586166
0.06025596 0.115055874786976 0.0120150002181777
0.06053409 0.110740439982 0.0145658762049559
0.0608135 0.113188334994146 0.0107709050306597
0.0610942 0.11222349767395 0.0121672539301076
0.0613762 0.111994440708324 0.0127016978543605
0.0616595 0.108972415166749 0.0127402244375971
0.06194411 0.11031781434637 0.0149662924060203
0.06223003 0.109804806087903 0.0100271832161258
0.06251727 0.107321106730822 0.00950764203999972
0.06280584 0.104872647649205 0.0133253656812769
0.06309573 0.111626330151916 0.0115894728699587
0.06338697 0.110755398378475 0.0131959345178464
0.06367955 0.102611066563658 0.0117733059550295
0.06397348 0.108120040737732 0.0152578420723804
0.06426877 0.103593946346882 0.0109213650630731
0.06456542 0.102753055292609 0.0136448885403941
0.06486344 0.106555394253261 0.00946480058971059
0.06516284 0.107381633511879 0.010117091514272
0.06546362 0.105909213660728 0.0107128954957271
0.06576578 0.105944708654157 0.0125351953657685
0.06606934 0.106274217172294 0.0116185895337574
0.06637431 0.10271841578479 0.0105755642565051
0.06668068 0.0995859641565129 0.0102052713328407
0.06698846 0.100516751085256 0.0118019703991444
0.06729767 0.100830779258718 0.0113867143970401
0.0676083 0.0977760643895661 0.00872885722562839
0.06792036 0.0953987778128663 0.0123201426112707
0.06823387 0.0960745010715517 0.0103425436044812
0.06854882 0.0938162220276263 0.0125707076732146
0.06886523 0.0995949931704546 0.0109980165414958
0.0691831 0.0955230975235058 0.00927860961397838
0.06950243 0.0918022929231068 0.0103161664335827
0.06982324 0.0957165822193248 0.00901409060159349
0.07014553 0.0955597198172551 0.00989630562941869
0.07046931 0.0912502082113596 0.0141949748542
0.07079458 0.0988789227311559 0.0113528193464318
0.07112135 0.0958996759875206 0.010109050959629
0.07144963 0.0935221648385798 0.0103948568392397
0.07177943 0.0862903928021804 0.0115922427944529
0.07211075 0.0888378440074653 0.0081923318155339
0.0724436 0.0895796758705407 0.00952987527067511
0.07277798 0.0918188455767506 0.010457021648862
0.07311391 0.0955696825436251 0.0119639702930476
0.07345139 0.0912351580023636 0.00884151704409961
0.07379042 0.0913598903158557 0.00881329777720292
0.07413102 0.0883675218398852 0.00991339301194223
0.0744732 0.0877016924957011 0.00893330885482708
0.07481695 0.0888209233992939 0.0114333079332092
0.07516229 0.0871754538751778 0.00836725474540945
0.07550922 0.0899119810644841 0.00861373444465436
0.07585776 0.0843244164347376 0.0113988723846767
0.0762079 0.0914216716332169 0.0117381400513602
0.07655966 0.0843526072283293 0.00763744765284614
0.07691304 0.0859937266324891 0.00806773870568581
0.07726806 0.0825284390844748 0.00998549251423895
0.07762471 0.0807161893486035 0.010093759504615
0.07798301 0.0831013307207257 0.00889911369037041
0.07834296 0.0827109653504327 0.0110553718210363
0.07870458 0.0819363175164225 0.00978533277464374
0.07906786 0.0818350037022215 0.00787221997982069
0.07943282 0.0803937205283951 0.00856385539184105
0.07979947 0.0836796030448059 0.00893656723491056
0.08016781 0.0789748927672393 0.0100081098073271
0.08053784 0.0812411227799513 0.00825522531740043
0.08090959 0.0772347244366349 0.00826811078205687
0.08128305 0.0775160552429142 0.00948512322569201
0.08165824 0.0747649542164095 0.00793963972643274
0.08203515 0.0781744391965769 0.00795061134219112
0.08241381 0.0775498987403135 0.00944357632438898
0.08279422 0.0780309669870562 0.00849662502378127
0.08317638 0.0761405487909502 0.00756040091600578
0.0835603 0.0780931891968423 0.00927660982731132
0.083946 0.0738273678386514 0.00886558475458359
0.08433348 0.076614691996395 0.00877747016899978
0.08472274 0.0754340367048627 0.00709346881008784
0.0851138 0.0712245991701852 0.00921413348103559
0.08550667 0.0726106137110919 0.00854273665471089
0.08590135 0.0734112383162593 0.00811243017523905
0.08629785 0.0725584830961819 0.0102710269530374
0.08669619 0.0706974888953862 0.00689742009207479
0.08709636 0.0723700665163727 0.00743533692432542
0.08749838 0.0710780604157558 0.00816871881163925
0.08790225 0.0705628405948173 0.00822985952230535
0.08830799 0.0701015933083037 0.00742516962805026
0.0887156 0.0697986846922668 0.00783934403653042
0.08912509 0.0683396785598546 0.00794197461174537
0.08953648 0.0672119177687737 0.00823955948264384
0.08994976 0.0660134286861494 0.00729558503051188
0.09036495 0.0678932239018679 0.00784842648487383
0.09078205 0.0654636254109993 0.00729721304149749
0.09120108 0.0631992328786876 0.00789976891550139
0.09162205 0.0620565354841657 0.00773049568176996
0.09204496 0.0655709379115949 0.00703557742293701
0.09246982 0.0647429436372391 0.00763946353808492
0.09289664 0.0620666472731002 0.00718157333895526
0.09332543 0.0623512615259177 0.008396368703453
0.0937562 0.0618998211494936 0.00731182758067899
0.09418896 0.0592190183794886 0.00800954050609646
0.09462372 0.0628932832007206 0.00726899949639426
0.09506048 0.0624992142893318 0.00663035671211022
0.09549926 0.0619141905526012 0.0063055055849689
0.09594006 0.0601938316763089 0.00771692513886567
0.0963829 0.0607282390394171 0.00793004605283601
0.09682779 0.0592509787418141 0.00750581926339344
0.09727472 0.0619532576915678 0.0065608253734153
0.09772372 0.0587880697839694 0.0066462654459418
0.09817479 0.0606981770862979 0.00682947709719932
0.09862795 0.0563677523973219 0.00762784354251088
0.09908319 0.0589745906269864 0.006576450992551
0.09954054 0.0589153117403355 0.00712017929199343
0.1 0.0564456890731519 0.00704608795126544
0.1004616 0.0552611868358738 0.00816859804005192
0.1009253 0.0552908966676805 0.00608591105914644
0.1013911 0.0552722468621989 0.00647145322509187
0.1018591 0.0544360199756784 0.00782993533349963
0.1023293 0.05551389648925 0.00647461784204141
0.1028016 0.0560071345186298 0.00572514885308758
0.1032761 0.0561571545229703 0.00648195010617214
0.1037528 0.0525353308645893 0.00776660011732013
0.1042317 0.0527187727622489 0.00670693148185197
0.1047129 0.0544933712354738 0.00610345426234899
0.1051962 0.0526848948589154 0.00675849878281065
0.1056818 0.0533818752488432 0.00584371031452261
0.1061696 0.052064355834062 0.00693655703645151
0.1066596 0.051512137591061 0.00616352272391406
0.1071519 0.051646260801387 0.00667851992648221
0.1076465 0.0521751873673612 0.00719497202648752
0.1081434 0.0506988156530508 0.00564332280126257
0.1086426 0.0506693113511366 0.00647451781503287
0.109144 0.0508757813296266 0.00622089234790838
0.1096478 0.0506722084828794 0.00593910780469525
0.1101539 0.0494931774712435 0.00626463309598679
0.1106624 0.0487506438925958 0.00586278888760716
0.1111732 0.0505719030409779 0.00580946620769112
0.1116863 0.0485035718701641 0.0062074603411367
0.1122018 0.0499054100659184 0.00631393304320223
0.1127197 0.0475125375003231 0.00564427597631663
0.11324 0.0485130299798909 0.00573823465073711
0.1137627 0.046519412676452 0.00651429041963236
0.1142878 0.0453209683539692 0.00554651614479305
0.1148154 0.0457477809581128 0.00639553924538533
0.1153453 0.0449658284322721 0.00598492868392139
0.1158777 0.0467446312167487 0.00529882652899847
0.1164126 0.0447504197204754 0.00676235437531781
0.1169499 0.0461968088042856 0.0049868389639832
0.1174898 0.0472618250124784 0.00578169519721171
0.1180321 0.0435470470973235 0.00593121787002046
0.1185769 0.0443802695641779 0.00562603085234919
0.1191242 0.0424842709424443 0.00539142393970396
0.1196741 0.0437158691676617 0.00551863394885048
0.1202264 0.0445640671389144 0.00571031085868125
0.1207814 0.0436049246885247 0.00579285135449409
0.1213389 0.0425403162750754 0.00521410776009712
0.121899 0.0417182535077663 0.00612140335543575
0.1224616 0.0424347549660937 0.00528086155504497
0.1230269 0.0418485901532519 0.00551468259657589
0.1235947 0.0405851780453124 0.00565032861960656
0.1241652 0.0415041964113522 0.00483911033300461
0.1247384 0.0430334514556466 0.00519907066882429
0.1253141 0.040868471510554 0.00567007826701995
0.1258925 0.0433532153790239 0.00526250651271901
0.1264736 0.0397988142023498 0.00517038498881698
0.1270574 0.040311018298975 0.00526195712349027
0.1276439 0.0381719066630431 0.00475891155248445
0.1282331 0.0396924370802481 0.00543905953167687
0.128825 0.0386893698358818 0.00579880889618937
0.1294196 0.0393473265946398 0.00524444915069228
0.130017 0.0405454406559341 0.00477276550522755
0.1306171 0.0398914447951082 0.0049422011066456
0.13122 0.0390851056404319 0.00510235703751247
0.1318257 0.0383819448287662 0.00480994355266837
0.1324342 0.0375298865385155 0.00500782846194256
0.1330454 0.0373686210713808 0.00461006236124252
0.1336596 0.0379237379891921 0.00555374685146388
0.1342765 0.0360372022293863 0.00455368869849598
0.1348963 0.0362522806688129 0.00492765349959278
0.1355189 0.0373018686276344 0.00495153420156066
0.1361445 0.0355955300186375 0.00492562984289167
0.1367729 0.0360469805368174 0.00509403222958493
0.1374042 0.0356661211225277 0.00451040023591399
0.1380384 0.0340980389869101 0.00487309121949692
0.1386756 0.0362046094297528 0.00434364918223652
0.1393157 0.0338590858145449 0.00461667598474108
0.1399587 0.0364691492790823 0.0048241889927138
0.1406048 0.0363938234624142 0.00466478202122843
0.1412538 0.0339398245221918 0.00431337956523768
0.1419058 0.0350173318959809 0.00456604373866918
0.1425608 0.0339627707533506 0.00490328477132871
0.1432188 0.0348254263621041 0.00457155574313307
0.1438799 0.0336077726708727 0.00486599535237437
0.144544 0.0338118867765273 0.00435023745157032
0.1452112 0.0321470154922078 0.004498274072994
0.1458814 0.034490279553306 0.00418264870033332
0.1465548 0.0314208306362871 0.00461420730055554
0.1472313 0.0317490518670682 0.00404043397661588
0.1479108 0.0305797227027467 0.00490060278285284
0.1485936 0.0308144093044379 0.00421759848706465
0.1492794 0.030855694099875 0.00443292870433261
0.1499685 0.0309670239769124 0.00427002004903794
0.1506607 0.032339367509334 0.00449427619471356
0.1513561 0.0317712501129906 0.00439226690876738
0.1520548 0.0306814152394035 0.00402897245277018
0.1527566 0.0300299509374839 0.00419613045234487
0.1534617 0.0301805548475416 0.00429842122966328
0.15417 0.0310345271901259 0.00405835316499205
0.1548817 0.032145331759483 0.00392669985453752
0.1555966 0.0300156379457961 0.00441497125235171
0.1563148 0.0293510806260162 0.00389120813767254
0.1570363 0.0293066462954707 0.00401114632946643
0.1577611 0.0301525371906049 0.00438612091861966
0.1584893 0.0290476963538073 0.00421384782738971
0.1592209 0.0285942238803799 0.00391700752373505
0.1599558 0.0291384484071498 0.00383711299559969
0.1606941 0.0304746850751201 0.00400078379198402
0.1614359 0.0299523699722758 0.00391649042152486
0.162181 0.027460903293814 0.00394401425290122
0.1629296 0.0275464688510275 0.00366081371697728
0.1636817 0.0274641972175575 0.00454022186428681
0.1644372 0.028191064556614 0.00373832027909983
0.1651962 0.0272848144374357 0.00379212180747032
0.1659587 0.0282204800203259 0.00415645638331307
0.1667247 0.0284161937890791 0.00364108328957537
0.1674943 0.0278083703902465 0.0036286020548969
0.1682674 0.0275105813705319 0.00383672083605792
0.1690441 0.0271529290552752 0.00378969325716818
0.1698244 0.0267683233300819 0.00354436894917558
0.1706082 0.0266611642305305 0.00363896285840705
0.1713957 0.0267240877868945 0.00397771734360211
0.1721869 0.0266012587578077 0.00377235346059366
0.1729816 0.0258590943189425 0.00347593896528751
0.1737801 0.0256302871960847 0.00409668533557558
0.1745822 0.0265099102753011 0.00326056097837243
0.1753881 0.0253496172811768 0.00367545102669155
0.1761976 0.0253587875417102 0.00365988890757315
0.1770109 0.0253508177653899 0.00340127612225794
0.1778279 0.0254104255937946 0.00365731483126419
0.1786488 0.0242021510922104 0.00353361321313949
0.1794734 0.023414626907155 0.00374867615477904
0.1803018 0.0254666798331762 0.00340444506300954
0.181134 0.0243513406578339 0.00345555200423102
0.1819701 0.0251825255934035 0.00338864207975112
0.18281 0.0243612766488809 0.00345144870788731
0.1836538 0.0242488248722605 0.00327969649858184
0.1845015 0.0240407528318108 0.00341604199051622
0.1853532 0.0233862977071105 0.00344363605412332
0.1862087 0.0244257211890668 0.00337651583438387
0.1870682 0.0243607277752705 0.00339578105461468
0.1879317 0.0233835852514847 0.00350956444486349
0.1887991 0.0245208404926521 0.00307836970776416
0.1896706 0.0235393072930686 0.00331761236654797
0.1905461 0.0217815118529747 0.003380661340388
0.1914256 0.0236100735910373 0.00297920811664442
0.1923092 0.0245749937896167 0.0033958058235491
0.1931968 0.0227614274481062 0.00346624497651421
0.1940886 0.0225430864494619 0.00301540555884213
0.1949845 0.0216630678641344 0.0032301003554221
0.1958845 0.0232711116482851 0.00314442322305188
0.1967886 0.022979549879055 0.00295081736732655
0.197697 0.0216884321828242 0.00331052063549421
0.1986095 0.022147681331003 0.00308422491414504
0.1995262 0.0221313408938779 0.00308915723825803
0.2004472 0.0223053971165337 0.00337379147853865
0.2013724 0.0222014352977325 0.00288914015077099
0.2023019 0.0213800240180279 0.00296749158338907
0.2032357 0.0212748377862844 0.00307989558251899
0.2041738 0.0204137176080435 0.0029922012652447
0.2051162 0.0207067626901196 0.00286736431429649
0.206063 0.0214943236180741 0.00303479548148553
0.2070141 0.0203343247348667 0.00304851851725801
0.2079697 0.0209147684457533 0.00312826637574264
0.2089296 0.0210931766892458 0.00284397119710538
0.209894 0.0208068971869693 0.00286633671739941
0.2108628 0.0200535676478222 0.00285321017184241
0.2118361 0.0207003775659313 0.00291112622268187
0.2128139 0.0203166850572035 0.00274905455701774
0.2137962 0.0194794582405286 0.00306824653110698
0.214783 0.0195500386883072 0.00292472411712045
0.2157744 0.0196375285290632 0.00277537780203597
0.2167704 0.0203882027731748 0.00272899297754996
0.217771 0.019891042310736 0.00284109414045311
0.2187762 0.0200186397429094 0.0027938170931643
0.219786 0.0191753554914554 0.00278660239612938
0.2208005 0.0191940799232633 0.00269587882785447
0.2218196 0.0194542800627518 0.00288509884273659
0.2228435 0.0188987874191666 0.00268484429901549
0.2238721 0.0200954394127483 0.00270799007632469
0.2249055 0.0181691057037525 0.00265234779604957
0.2259436 0.0194719478510808 0.00268409306640809
0.2269865 0.019389928699248 0.00265910725146053
0.2280342 0.0183580829761754 0.00267773406845135
0.2290868 0.0185964103116392 0.00276147792328619
0.2301442 0.0188364430275006 0.00266484437837353
0.2312065 0.0186572395451226 0.00253849836942414
0.2322737 0.0173455750542733 0.00259098951180625
0.2333458 0.0182318306516648 0.00254425240418183
0.2344229 0.0180244734875885 0.00256635776857573
0.2355049 0.0177016866724607 0.00263444170888217
0.236592 0.0178045074710589 0.00259566659882293
0.237684 0.0182700097216948 0.0025236018314435
0.2387811 0.0185507650532204 0.00241785532588077
0.2398833 0.0169060851324388 0.00252061480151192
0.2409905 0.0173831181121012 0.00249902728691625
0.2421029 0.0176397600160243 0.00262843208454413
0.2432204 0.0172231555195407 0.00244090590676904
0.2443431 0.0167091700184855 0.00256332190031802
0.2454709 0.0169796395298896 0.0023180979794834
0.2466039 0.0169937465108739 0.00241054235065265
0.2477422 0.0166971345274542 0.00246004409479281
0.2488857 0.0160931758084629 0.00237411466419906
0.2500345 0.0169480639616553 0.00264494896688707
0.2511886 0.0168851313817004 0.00229551647837257
0.2523481 0.0166813432993892 0.0024130288247837
0.2535129 0.0161356438348285 0.00229292245896323
0.254683 0.0157222426124589 0.00231715375201561
0.2558586 0.0164844657110503 0.00235369494903014
0.2570396 0.0159058645905776 0.00246534344124992
0.258226 0.015627071034664 0.00226829357871771
0.2594179 0.0165444030514731 0.00232179867229224
0.2606154 0.0159788465546832 0.0022001972483023
0.2618183 0.0158413212046135 0.00229194475482918
0.2630268 0.0160830179064074 0.00231703978076942
0.2642409 0.0162601001069487 0.00228430706519614
0.2654606 0.0160501303617366 0.00227816123520373
0.2666859 0.0158152928972355 0.00218108070428148
0.2679168 0.0155397793774571 0.00222605909743048
0.2691535 0.0153755374783242 0.00221206167247774
0.2703958 0.0146880510353086 0.00221776681503016
0.2716439 0.0151199559860957 0.0022867395649212
0.2728978 0.0151973829799953 0.0021401207031719
0.2741574 0.0152168379424853 0.0021552682188614
0.2754229 0.0149544567328822 0.00212680558173826
0.2766942 0.0146243733997095 0.00217955859407656
0.2779713 0.0152565985449672 0.00218951871041309
0.2792544 0.0149715730870032 0.00206582685044512
0.2805434 0.0151864587659805 0.00209131605474161
0.2818383 0.0148822699405723 0.00211460859390219
0.2831392 0.0154915382991945 0.00212358576999494
0.2844461 0.0156360298949392 0.00214984815623732
0.2857591 0.0146660820243749 0.00212934926594253
0.2870781 0.0143771679354772 0.00197969472229054
0.2884032 0.0144163395781365 0.00206002608083611
0.2897344 0.0150469721211097 0.00201073161588239
0.2910717 0.0140332767863423 0.00214941160831633
0.2924152 0.0137352199661313 0.00198344037551977
0.293765 0.0140872030063766 0.00202364568960577
0.2951209 0.0143077046015358 0.0019884339148546
0.2964831 0.0144309825291082 0.00196907752685998
0.2978516 0.0149553046596985 0.00211087199354887
0.2992265 0.0134424571759689 0.0020061173067261
0.3006076 0.0142931325645828 0.00201088703104923
0.3019952 0.0139727068441205 0.00198485191662955
0.3033891 0.0135302838974496 0.00198957562127731
0.3047895 0.0130007862734731 0.00211283596689663
0.3061963 0.0131355019882045 0.00203098205955764
0.3076097 0.0138079854423282 0.00200046063569969
0.3090295 0.0130812240270338 0.00197868601589287
0.310456 0.0131725710223811 0.00206198126646097
0.311889 0.0126940730901406 0.00213432182132803
0.3133286 0.0133620577419197 0.00211699675591485
0.3147748 0.0133535713957732 0.00197541641400212
0.3162278 0.0126649445587269 0.00203215578637663
0.3176874 0.0138328240557845 0.00210339918473717
0.3191538 0.0123750668129445 0.00210997160014466
0.3206269 0.0127890516391267 0.00202090114506623
0.3221069 0.0125912218998201 0.00204596484916164
0.3235937 0.0120563153319869 0.00200367176747615
0.3250873 0.0126265857995955 0.00212058096011164
0.3265878 0.0123131236076673 0.00206883341579548
0.3280953 0.0127465108090437 0.00201683838996832
0.3296097 0.0130989138208483 0.00199985439279589
0.3311311 0.0121086849881918 0.00214634535611234
0.3326596 0.0128752865634016 0.00211406429294499
0.334195 0.0121410458324623 0.00200042283924224
0.3357376 0.0125253162423617 0.00201353264706783
0.3372873 0.0120392045127823 0.00210580136837666
0.3388442 0.0115698048759814 0.0021427366112054
0.3404082 0.0120211180052385 0.00212504587174889
0.3419794 0.0122766655164354 0.00205428678828858
0.3435579 0.0118729030992425 0.00219381386836372
0.3451437 0.0126407340967733 0.00220509912415746
0.3467369 0.0114121565046132 0.00226235687411359
0.3483373 0.0120528630984552 0.00226349397720648
0.3499452 0.011824406307846 0.00230383362926102
0.3515604 0.0122733206379169 0.00237787232584174
0.3531832 0.0115579098264632 0.00231154493468416
0.3548134 0.0118283628896615 0.00239491359182915
0.3564511 0.0121344365273907 0.00244365724345805
0.3580964 0.0116127293819908 0.00252885108078056
0.3597493 0.0114077618593301 0.00254145696583692
0.3614099 0.0116494737905302 0.00247633555184147
0.3630781 0.0123558769785368 0.00249915439989449
0.3647539 0.0115978547025227 0.00259139610333118
0.3664376 0.0112896883967969 0.00262374988345955
0.368129 0.0115211121597291 0.00265003504708089
0.3698282 0.010532616180782 0.00271303155397537
0.3715352 0.010849156669532 0.00269452249911353
0.3732502 0.0112169776435907 0.00281104249611172
0.374973 0.0110825674115133 0.00268695186983169
0.3767038 0.0119670843966461 0.00284188188544229
0.3784426 0.0117882087266754 0.00287019585554732
0.3801894 0.00988590350947532 0.00284385936869248
0.3819443 0.0105242999969718 0.00294394709129257
0.3837072 0.00990467090117909 0.00300300622479874
0.3854784 0.0105174825231385 0.00306053013943467
0.3872576 0.0111615362430105 0.00306522356251057
0.3890451 0.0113797726708721 0.00308745732462944
0.3908409 0.010939116380036 0.00320761967758414
0.3926449 0.010622814675403 0.00323114968552696
0.3944573 0.010101818884157 0.00327833160089168
0.396278 0.011529577014746 0.0033452874134497
0.3981072 0.0109960648768299 0.00335464977701593
0.3999447 0.0115371637413123 0.00339741106488294
0.4017908 0.0109713216204773 0.00358108481977752
0.4036454 0.010875742438027 0.00371813566187155
0.4055085 0.0105895361084624 0.00362556438150711
0.4073803 0.0100397524794698 0.00385861656849913
0.4092607 0.0104051489924576 0.00385999678181472
0.4111497 0.0111390575054198 0.00398061586791655
0.4130475 0.0104654255505697 0.00392244228268154
0.414954 0.0120527775252944 0.00433971728772428
0.4168694 0.00978139876570091 0.00457314269929662
0.4187936 0.0101719400456979 0.00434887820659926
0.4207266 0.0094333730005333 0.00484445587787648
0.4226686 0.00921510150702001 0.00496100039612335
0.4246196 0.0110168441267521 0.00538773314552651
0.4265795 0.0103641222583006 0.00525662886358967
0.4285485 0.00947989503442312 0.0058036711588685
0.4305266 0.0107158282508255 0.00615495663798861
